0	150	150	150	150	150	150	150	150	150	150	150	150	150	150	150	150	150	150
1	153.058861	153.058856	152.854943	152.854932	152.651018	152.651008	152.447094	152.447084	152.24317	152.243154	151.835328	151.835311	151.631398	151.631382	151.223555	151.223539	151.019626	151.01962
2	156.118952	156.118943	155.711032	155.711013	155.303102	155.303082	154.895172	154.895152	154.487241	154.487212	153.671391	153.671362	153.263451	153.263422	152.4476	152.447571	152.03966	152.039651
3	159.179296	159.179281	158.567357	158.567328	157.955404	157.955375	157.343451	157.343422	156.731498	156.731454	155.507606	155.507563	154.895639	154.895595	153.671747	153.671704	153.05978	153.059765
4	162.239783	162.239764	161.423817	161.423778	160.607832	160.607792	159.791846	159.791807	158.975861	158.975801	157.343909	157.34385	156.527904	156.527845	154.895953	154.895894	154.079947	154.079928
5	165.300368	165.300342	164.280368	164.280318	163.260344	163.260293	162.240319	162.240269	161.220295	161.220218	159.180271	159.180195	158.160221	158.160145	156.120198	156.120121	155.100148	155.100123
6	168.361024	168.360992	167.136987	167.136924	165.912919	165.912856	164.688851	164.688787	163.464782	163.464687	161.016677	161.016583	159.792578	159.792483	157.344473	157.344378	156.120373	156.120341
7	171.421738	171.4217	169.99366	169.993584	168.565544	168.565468	167.137428	167.137352	165.709312	165.709198	162.853119	162.853004	161.424965	161.42485	158.568771	158.568657	157.140617	157.140579
8	174.482501	174.482455	172.850379	172.850289	171.218212	171.218122	169.586045	169.585955	167.953879	167.953743	164.68959	164.689455	163.057379	163.057243	159.79309	159.792955	158.160879	158.160834
9	177.543306	177.543253	175.707138	175.707033	173.870917	173.870812	172.034697	172.034592	170.198476	170.198319	166.526088	166.525931	164.689815	164.689657	161.017427	161.01727	159.181154	159.181102
10	180.604148	180.604088	178.563932	178.563811	176.523655	176.523535	174.483379	174.483258	172.443102	172.442921	168.362609	168.362429	166.322273	166.322091	162.24178	162.241599	160.201443	160.201383
11	183.665025	183.664956	181.420758	181.420621	179.176423	179.176286	176.932088	176.931951	174.687753	174.687547	170.199151	170.198946	167.954748	167.954542	163.466147	163.465941	161.221743	161.221675
12	186.725932	186.725854	184.277613	184.277459	181.829218	181.829064	179.380822	179.380668	176.932427	176.932195	172.035713	172.035482	169.58724	169.587009	164.690526	164.690296	162.242054	162.241977
13	189.786866	189.78678	187.134494	187.134323	184.482037	184.481865	181.829579	181.829407	179.177121	179.176863	173.872291	173.872034	171.219748	171.21949	165.914918	165.914661	163.262375	163.262289
14	192.847826	192.847731	189.991399	189.99121	187.134878	187.134688	184.278356	184.278166	181.421834	181.421549	175.708886	175.708601	172.852269	172.851983	167.13932	167.139036	164.282704	164.282609
15	195.908809	195.908705	192.848326	192.848118	189.787739	189.78753	186.727152	186.726943	183.666564	183.666251	177.545494	177.545181	174.484802	174.484489	168.363732	168.363419	165.303041	165.302937
16	198.969813	198.969699	195.705273	195.705045	192.440619	192.440391	189.175965	189.175736	185.91131	185.910967	179.382116	179.381774	176.117347	176.117005	169.588154	169.587811	166.323385	166.323272
17	202.030836	202.030712	198.562238	198.56199	195.093516	195.093267	191.624793	191.624545	188.15607	188.155697	181.21875	181.218378	177.749903	177.74953	170.812583	170.812211	167.343737	167.343613
18	205.091877	205.091742	201.41922	201.418951	197.746428	197.746159	194.073636	194.073367	190.400844	190.40044	183.055395	183.054992	179.382468	179.382064	172.03702	172.036617	168.364094	168.36396
19	208.152933	208.152788	204.276216	204.275927	200.399354	200.399064	196.522492	196.522202	192.645629	192.645194	184.89205	184.891616	181.015042	181.014607	173.261464	173.261029	169.384457	169.384312
20	211.214004	211.213848	207.133227	207.132916	203.052293	203.051982	198.97136	198.971048	194.890425	194.889958	186.728715	186.728248	182.647624	182.647156	174.485914	174.485447	170.404825	170.404669
21	214.275089	214.274922	209.99025	209.989917	205.705244	205.704911	201.420238	201.419905	197.135231	197.134731	188.565387	188.564888	184.280213	184.279713	175.710369	175.70987	171.425197	171.425031
22	217.336185	217.336007	212.847285	212.846929	208.358206	208.35785	203.869127	203.868771	199.380046	199.379513	190.402068	190.401535	185.912809	185.912275	176.934831	176.934298	172.445574	172.445397
23	220.397293	220.397104	215.70433	215.703952	211.011177	211.010799	206.318024	206.317646	201.62487	201.624302	192.238755	192.238189	187.545411	187.544843	178.159296	178.15873	173.465955	173.465766
24	223.458411	223.45821	218.561385	218.560984	213.664157	213.663757	208.76693	208.766529	203.869701	203.869099	194.075449	194.074848	189.178018	189.177417	179.383767	179.383166	174.486339	174.486139
25	226.519538	226.519325	221.418448	221.418025	216.317146	216.316722	211.215843	211.215419	206.114538	206.113902	195.912149	195.911513	190.810631	190.809994	180.608241	180.607606	175.506727	175.506515
26	229.580673	229.580449	224.27552	224.275073	218.970142	218.969694	213.664763	213.664316	208.359383	208.358711	197.748854	197.748183	192.443248	192.442576	181.832719	181.832048	176.527117	176.526894
27	232.641816	232.64158	227.132599	227.132128	221.623144	221.622674	216.11369	216.113219	210.604233	210.603526	199.585564	199.584858	194.075869	194.075162	183.0572	183.056494	177.547511	177.547276
28	235.702966	235.702718	229.989685	229.98919	224.276153	224.275659	218.562622	218.562127	212.849088	212.848345	201.422278	201.421536	195.708494	195.707751	184.281684	184.280943	178.567906	178.567659
29	238.764123	238.763863	232.846776	232.846258	226.929168	226.928649	221.01156	221.011041	215.093948	215.093169	203.258997	203.258219	197.341123	197.340344	185.506171	185.505394	179.588304	179.588045
30	241.825285	241.825013	235.703874	235.703331	229.582188	229.581645	223.460502	223.459959	217.338812	217.337997	205.095719	205.094905	198.973755	198.972939	186.730661	186.729847	180.608704	180.608433
31	244.886453	244.886168	238.560976	238.560409	232.235212	232.234645	225.909449	225.908881	219.583681	219.582829	206.932444	206.931594	200.60639	200.605538	187.955153	187.954302	181.629106	181.628823
32	247.947625	247.947329	241.418083	241.417491	234.888241	234.887649	228.358399	228.357807	221.828553	221.827664	208.769173	208.768285	202.239027	202.238138	189.179647	189.17876	182.64951	182.649214
33	251.008802	251.008493	244.275194	244.274578	237.541274	237.540657	230.807354	230.806737	224.073428	224.072502	210.605905	210.60498	203.871667	203.870741	190.404143	190.403219	183.669915	183.669607
34	254.069983	254.069662	247.13231	247.131668	240.194311	240.193669	233.256311	233.255669	226.318307	226.317344	212.442639	212.441677	205.504309	205.503346	191.628641	191.627679	184.690322	184.690002
35	257.131168	257.130834	249.989428	249.988762	242.84735	242.846683	235.705272	235.704605	228.563188	228.562187	214.279375	214.278376	207.136953	207.135953	192.853141	192.852141	185.71073	185.710397
36	260.192356	260.19201	252.84655	252.845859	245.500393	245.499701	238.154235	238.153543	230.808072	230.807033	216.116114	216.115077	208.769599	208.768561	194.077642	194.076605	186.731139	186.730794
37	263.253548	263.253189	255.703675	255.702958	248.153438	248.152721	240.603202	240.602484	233.052958	233.051882	217.952855	217.95178	210.402247	210.401171	195.302144	195.301069	187.751549	187.751192
38	266.314742	266.31437	258.560803	258.560061	250.806486	250.805744	243.05217	243.051427	235.297846	235.296732	219.789597	219.788484	212.034897	212.033782	196.526648	196.525535	188.771961	188.77159
39	269.375939	269.375554	261.417933	261.417165	253.459537	253.458769	245.50114	245.500372	237.542736	237.541584	221.626342	221.62519	213.667547	213.666395	197.751152	197.750002	189.792373	189.79199
40	272.437138	272.436741	264.275065	264.274272	256.112589	256.111796	247.950113	247.949319	239.787628	239.786438	223.463087	223.461898	215.300199	215.299009	198.975658	198.974469	190.812786	190.81239
41	275.498339	275.497929	267.1322	267.131381	258.765643	258.764825	250.399087	250.398268	242.032522	242.031293	225.299834	225.298607	216.932853	216.931624	200.200165	200.198938	191.8332	191.832791
42	278.559542	278.55912	269.989336	269.988492	261.418699	261.417855	252.848063	252.847218	244.277417	244.27615	227.136583	227.135317	218.565507	218.564239	201.424672	201.423407	192.853615	192.853193
43	281.620747	281.620312	272.846474	272.845604	264.071757	264.070887	255.29704	255.296169	246.522313	246.521008	228.973332	228.972028	220.198162	220.196856	202.649181	202.647877	193.87403	193.873596
44	284.681954	284.681505	275.703613	275.702718	266.724816	266.72392	257.746018	257.745122	248.767211	248.765867	230.810082	230.80874	221.830818	221.829474	203.87369	203.872347	194.894446	194.893998
45	287.743162	287.742701	278.560754	278.559833	269.377877	269.376955	260.194998	260.194076	251.01211	251.010727	232.646834	232.645452	223.463475	223.462092	205.098199	205.096818	195.914862	195.914402
46	290.804371	290.803897	281.417897	281.41695	272.030938	272.029991	262.643979	262.643031	253.257009	253.255588	234.483586	234.482166	225.096133	225.094711	206.32271	206.32129	196.935279	196.934806
47	293.865582	293.865095	284.27504	284.274067	274.684001	274.683028	265.092961	265.091988	255.50191	255.50045	236.320339	236.31888	226.728791	226.727331	207.547221	207.545762	197.955696	197.95521
48	296.926794	296.926294	287.132185	287.131186	277.337065	277.336065	267.541944	267.540944	257.746811	257.745312	238.157093	238.155595	228.361451	228.359951	208.771732	208.770235	198.976114	198.975615
49	299.988007	299.987494	289.98933	289.988305	279.990129	279.989104	269.990928	269.989902	259.991714	259.990176	239.993848	239.992311	229.99411	229.992572	209.996244	209.994708	199.996532	199.99602
50	299.99036	299.989839	289.991534	289.990494	279.992176	279.991136	269.992818	269.991777	259.993446	259.991886	239.995275	239.993716	229.995372	229.993811	209.997201	209.995642	199.997324	199.996805
51	299.991483	299.990954	289.992592	289.991535	279.993159	279.992102	269.993726	269.992668	259.994279	259.992692	239.995968	239.994382	229.99598	229.994392	209.997668	209.996084	199.997708	199.99718
52	299.992355	299.991818	289.993415	289.992341	279.993924	279.99285	269.994433	269.993358	259.994927	259.993315	239.996509	239.994898	229.996453	229.994841	209.998034	209.996425	199.998008	199.997472
53	299.993084	299.992539	289.994103	289.993014	279.994564	279.993474	269.995024	269.993933	259.995469	259.993834	239.996962	239.995329	229.996849	229.995214	209.998342	209.99671	199.99826	199.997716
54	299.993717	299.993164	289.994701	289.993598	279.99512	279.994016	269.995538	269.994433	259.99594	259.994283	239.997357	239.995702	229.997194	229.995536	209.998611	209.996956	199.998479	199.997927
55	299.994278	299.993719	289.995233	289.994115	279.995614	279.994496	269.995994	269.994875	259.996358	259.994681	239.997709	239.996033	229.9975	229.995822	209.99885	209.997175	199.998673	199.998115
56	299.994782	299.994216	289.99571	289.99458	279.996057	279.994927	269.996404	269.995272	259.996734	259.995037	239.998025	239.996329	229.997775	229.996077	209.999065	209.997371	199.998849	199.998284
57	299.995238	299.994666	289.996142	289.995	279.996459	279.995316	269.996775	269.995632	259.997074	259.995359	239.998312	239.996598	229.998024	229.996308	209.99926	209.997548	199.999008	199.998437
58	299.995652	299.995074	289.996535	289.995381	279.996824	279.99567	269.997113	269.995958	259.997383	259.995651	239.998572	239.996841	229.99825	229.996517	209.999438	209.997709	199.999152	199.998576
59	299.996028	299.995446	289.996892	289.995728	279.997157	279.995991	269.99742	269.996254	259.997665	259.995917	239.99881	239.997063	229.998456	229.996707	209.9996	209.997855	199.999284	199.998702
60	299.996372	299.995784	289.997218	289.996044	279.99746	279.996285	269.9977	269.996524	259.997921	259.996159	239.999027	239.997265	229.998644	229.996881	209.999748	209.997988	199.999404	199.998817
61	299.996685	299.996093	289.997516	289.996332	279.997736	279.996552	269.997956	269.996771	259.998156	259.996379	239.999225	239.997449	229.998815	229.997038	209.999884	209.99811	199.999514	199.998923
62	299.996971	299.996374	289.997787	289.996595	279.997989	279.996796	269.998189	269.996995	259.998369	259.99658	239.999406	239.997617	229.998972	229.997182	210.000007	209.998221	199.999614	199.999019
63	299.997232	299.996631	289.998035	289.996835	279.998219	279.997019	269.998402	269.997201	259.998564	259.996764	239.999571	239.997771	229.999115	229.997313	210.00012	209.998322	199.999706	199.999106
64	299.99747	299.996866	289.998261	289.997054	279.99843	279.997222	269.998597	269.997388	259.998742	259.996931	239.999722	239.997911	229.999245	229.997432	210.000223	209.998415	199.99979	199.999187
65	299.997687	299.99708	289.998468	289.997254	279.998622	279.997407	269.998774	269.997559	259.998905	259.997083	239.99986	239.998039	229.999364	229.997541	210.000318	209.998499	199.999866	199.99926
66	299.997885	299.997275	289.998657	289.997437	279.998797	279.997577	269.998937	269.997715	259.999054	259.997223	239.999986	239.998156	229.999473	229.997641	210.000404	209.998576	199.999936	199.999327
67	299.998066	299.997453	289.998829	289.997604	279.998958	279.997731	269.999085	269.997857	259.999189	259.99735	240.000101	239.998262	229.999572	229.997732	210.000483	209.998646	200	199.999388
68	299.998232	299.997616	289.998987	289.997756	279.999104	279.997872	269.99922	269.997987	259.999313	259.997466	240.000206	239.998359	229.999663	229.997814	210.000555	209.998711	200.000059	199.999444
69	299.998383	299.997765	289.99913	289.997895	279.999238	279.998001	269.999344	269.998106	259.999426	259.997571	240.000302	239.998448	229.999746	229.99789	210.000621	209.998769	200.000112	199.999495
70	299.998521	299.9979	289.999261	289.998022	279.99936	279.998119	269.999457	269.998214	259.999529	259.997668	240.00039	239.99853	229.999821	229.997959	210.000681	209.998823	200.000161	199.999541
71	299.998646	299.998024	289.999381	289.998138	279.999471	279.998226	269.99956	269.998313	259.999623	259.997756	240.00047	239.998604	229.99989	229.998022	210.000736	209.998872	200.000205	199.999584
72	299.998761	299.998137	289.999491	289.998243	279.999573	279.998324	269.999654	269.998404	259.999709	259.997837	240.000544	239.998671	229.999953	229.998079	210.000786	209.998917	200.000246	199.999623
73	299.998866	299.99824	289.999591	289.99834	279.999666	279.998414	269.99974	269.998486	259.999788	259.99791	240.00061	239.998733	230.000011	229.998132	210.000832	209.998957	200.000283	199.999658
74	299.998962	299.998335	289.999682	289.998428	279.999751	279.998496	269.999818	269.998562	259.99986	259.997977	240.000672	239.99879	230.000063	229.998179	210.000874	209.998995	200.000317	199.999691
75	299.999049	299.998421	289.999765	289.998509	279.999828	279.99857	269.99989	269.99863	259.999925	259.998038	240.000727	239.998841	230.000111	229.998223	210.000912	209.999029	200.000349	199.99972
76	299.999129	299.998499	289.999841	289.998582	279.999899	279.998638	269.999955	269.998693	259.999985	259.998094	240.000778	239.998888	230.000155	229.998263	210.000947	209.99906	200.000377	199.999747
77	299.999202	299.998571	289.999911	289.998649	279.999964	279.998701	270.000015	269.99875	260.000039	259.998145	240.000825	239.998931	230.000195	229.998299	210.000979	209.999088	200.000403	199.999772
78	299.999268	299.998636	289.999974	289.998711	280.000023	279.998758	270.00007	269.998803	260.000089	259.998192	240.000868	239.998971	230.000231	229.998332	210.001008	209.999114	200.000427	199.999795
79	299.999329	299.998696	290.000032	289.998767	280.000077	279.998809	270.000119	269.998851	260.000135	259.998234	240.000907	239.999007	230.000265	229.998363	210.001035	209.999138	200.000448	199.999816
80	299.999385	299.998751	290.000085	289.998818	280.000126	279.998857	270.000165	269.998894	260.000176	259.998273	240.000942	239.999039	230.000295	229.99839	210.001059	209.99916	200.000468	199.999834
81	299.999435	299.9988	290.000134	289.998864	280.000171	279.9989	270.000206	269.998934	260.000214	259.998309	240.000974	239.999069	230.000323	229.998416	210.001082	209.99918	200.000486	199.999852
82	299.999481	299.998846	290.000178	289.998907	280.000212	279.99894	270.000244	269.99897	260.000249	259.998341	240.001004	239.999097	230.000348	229.998439	210.001102	209.999198	200.000503	199.999867
83	299.999523	299.998887	290.000218	289.998946	280.000249	279.998976	270.000279	269.999004	260.00028	259.99837	240.001031	239.999121	230.000371	229.99846	210.001121	209.999214	200.000518	199.999882
84	299.999562	299.998925	290.000255	289.998981	280.000284	279.999009	270.000311	269.999034	260.000309	259.998397	240.001056	239.999144	230.000392	229.998479	210.001138	209.999229	200.000532	199.999895
85	299.999597	299.99896	290.000288	289.999014	280.000315	279.999039	270.00034	269.999062	260.000335	259.998422	240.001078	239.999165	230.000412	229.998496	210.001153	209.999243	200.000544	199.999907
86	299.999629	299.998991	290.000319	289.999043	280.000343	279.999066	270.000366	269.999087	260.000359	259.998444	240.001099	239.999184	230.000429	229.998512	210.001167	209.999256	200.000556	199.999918
87	299.999659	299.99902	290.000347	289.99907	280.000369	279.999091	270.00039	269.99911	260.000381	259.998465	240.001118	239.999201	230.000445	229.998527	210.00118	209.999267	200.000566	199.999928
88	299.999685	299.999047	290.000372	289.999095	280.000393	279.999114	270.000412	269.999131	260.000401	259.998484	240.001135	239.999217	230.00046	229.99854	210.001192	209.999278	200.000576	199.999937
89	299.99971	299.999071	290.000396	289.999118	280.000415	279.999135	270.000432	269.99915	260.00042	259.998501	240.001151	239.999232	230.000473	229.998553	210.001203	209.999287	200.000585	199.999946
90	299.999732	299.999093	290.000417	289.999138	280.000435	279.999154	270.00045	269.999168	260.000436	259.998516	240.001165	239.999245	230.000486	229.998564	210.001213	209.999296	200.000593	199.999953
91	299.999752	299.999113	290.000437	289.999157	280.000453	279.999172	270.000467	269.999184	260.000452	259.998531	240.001178	239.999257	230.000497	229.998574	210.001222	209.999304	200.0006	199.99996
92	299.999771	299.999131	290.000454	289.999174	280.000469	279.999187	270.000482	269.999199	260.000466	259.998544	240.00119	239.999268	230.000507	229.998583	210.00123	209.999311	200.000607	199.999967
93	299.999788	299.999148	290.000471	289.99919	280.000485	279.999202	270.000496	269.999212	260.000478	259.998555	240.001201	239.999278	230.000516	229.998592	210.001237	209.999318	200.000613	199.999973
94	299.999803	299.999163	290.000485	289.999204	280.000498	279.999215	270.000509	269.999224	260.00049	259.998566	240.001211	239.999287	230.000525	229.998599	210.001244	209.999324	200.000619	199.999978
95	299.999817	299.999177	290.000499	289.999217	280.000511	279.999227	270.000521	269.999235	260.0005	259.998576	240.00122	239.999296	230.000533	229.998606	210.00125	209.99933	200.000624	199.999983
96	299.99983	299.999189	290.000511	289.999229	280.000522	279.999238	270.000531	269.999246	260.00051	259.998585	240.001229	239.999303	230.00054	229.998613	210.001256	209.999335	200.000628	199.999987
97	299.999842	299.999201	290.000523	289.99924	280.000533	279.999249	270.000541	269.999255	260.000519	259.998594	240.001236	239.99931	230.000546	229.998619	210.001261	209.99934	200.000633	199.999991
98	299.999853	299.999212	290.000533	289.99925	280.000543	279.999258	270.00055	269.999263	260.000527	259.998601	240.001243	239.999317	230.000552	229.998624	210.001266	209.999344	200.000636	199.999995
99	299.999863	299.999221	290.000542	289.999259	280.000551	279.999266	270.000558	269.999271	260.000534	259.998608	240.001249	239.999323	230.000557	229.998629	210.001271	209.999348	200.00064	199.999998
100	297.002188	297.001546	287.002867	287.001583	277.002875	277.00159	267.002882	267.001594	257.002857	257.000936	237.203412	237.20149	227.202724	227.2008	207.403276	207.401359	197.402651	197.402009
101	294.003307	294.002665	284.003985	284.002702	274.003993	274.002708	264.003999	264.002711	254.003974	254.002056	234.404449	234.402531	224.403765	224.401845	204.804238	204.802324	194.803616	194.802974
102	291.004178	291.003536	281.004856	281.003572	271.004863	271.003578	261.004869	261.003581	251.004843	251.00293	231.605255	231.603342	221.604575	221.60266	202.204985	202.203076	192.204367	192.203725
103	288.004907	288.004265	278.005585	278.004301	268.005592	268.004306	258.005596	258.004308	248.00557	248.003662	228.805929	228.80402	218.805253	218.803342	199.605609	199.603704	189.604995	189.604353
104	285.00554	285.004898	275.006218	275.004934	265.006225	265.004938	255.006229	255.004941	245.006202	245.004299	226.006513	226.004609	216.005842	216.003937	197.00615	197.004251	187.005542	187.004899
105	282.006103	282.005461	272.00678	272.005496	262.006787	262.0055	252.00679	252.005502	242.006764	242.004866	223.20703	223.205132	213.206365	213.204465	194.406629	194.404735	184.406026	184.405384
106	279.006608	279.005966	269.007286	269.006001	259.007292	259.006005	249.007295	249.006006	239.007268	239.005376	220.407494	220.405602	210.406834	210.404941	191.807059	191.805171	181.806462	181.805819
107	276.007065	276.006423	266.007743	266.006458	256.007748	256.006461	246.007752	246.006463	236.007724	236.005839	217.607912	217.606027	207.607259	207.605373	189.207446	189.205565	179.206856	179.206213
108	273.007481	273.006839	263.008158	263.006873	253.008163	253.006876	243.008166	243.006877	233.008138	233.00626	214.808292	214.806413	204.807646	204.805766	186.607797	186.605923	176.607213	176.606571
109	270.007859	270.007217	260.008536	260.007251	250.008541	250.007254	240.008544	240.007254	230.008515	230.006645	212.008636	212.006765	202.007997	202.006125	184.008116	184.006249	174.007539	174.006897
110	267.008204	267.007561	257.00888	257.007595	247.008885	247.007598	237.008888	237.007598	227.008859	227.006997	209.208949	209.207085	199.208317	199.206453	181.408405	181.406546	171.407836	171.407193
111	264.008518	264.007876	254.009195	254.007909	244.009199	244.007912	234.009201	234.007912	224.009173	224.007319	206.409233	206.407378	196.40861	196.406753	178.808668	178.806817	168.808107	168.807464
112	261.008805	261.008163	251.009482	251.008196	241.009486	241.008198	231.009488	231.008198	221.009459	221.007613	203.609491	203.607645	193.608876	193.607028	176.208906	176.207064	166.208354	166.207711
113	258.009067	258.008424	248.009743	248.008458	238.009748	238.00846	228.009749	228.00846	218.00972	218.007883	200.809726	200.807888	190.80912	190.807281	173.609123	173.60729	163.60858	163.607937
114	255.009306	255.008664	245.009982	245.008697	235.009986	235.008699	225.009988	225.008698	215.009959	215.008131	198.009939	198.00811	188.009342	188.007512	171.00932	171.007496	161.008786	161.008143
115	252.009524	252.008882	242.010201	242.008915	232.010205	232.008917	222.010206	222.008916	212.010177	212.008359	195.210132	195.208313	185.209545	185.207725	168.409499	168.407684	158.408974	158.408331
116	249.009724	249.009081	239.0104	239.009114	229.010404	229.009116	219.010405	219.009115	209.010376	209.008567	192.410308	192.408498	182.40973	182.40792	165.809661	165.807855	155.809146	155.808503
117	246.009906	246.009263	236.010582	236.009296	226.010585	226.009298	216.010587	216.009297	206.010557	206.008759	189.610467	189.608668	179.6099	179.608099	163.209807	163.208012	153.209302	153.208659
118	243.010072	243.009429	233.010748	233.009462	223.010752	223.009464	213.010753	213.009463	203.010723	203.008935	186.810611	186.808822	176.810054	176.808264	160.60994	160.608155	150.609446	150.608803
119	240.010224	240.009581	230.0109	230.009614	220.010903	220.009615	210.010904	210.009614	200.010875	200.009097	184.010742	184.008963	174.010195	174.008416	158.010061	158.008286	148.009576	148.008933
120	237.010362	237.00972	227.011038	227.009752	217.011042	217.009754	207.011042	207.009752	197.011013	197.009246	181.21086	181.209092	171.210324	171.208555	155.410169	155.408405	145.409696	145.409053
121	234.010489	234.009846	224.011165	224.009879	214.011168	214.00988	204.011169	204.009879	194.01114	194.009383	178.410967	178.409209	168.410442	168.408684	152.810267	152.808514	142.809805	142.809162
122	231.010604	231.009962	221.01128	221.009994	211.011283	211.009995	201.011284	201.009994	191.011255	191.00951	175.611063	175.609316	165.61055	165.608802	150.210356	150.208613	140.209904	140.209261
123	228.01071	228.010067	218.011386	218.0101	208.011389	208.010101	198.011389	198.010099	188.011361	188.009626	172.81115	172.809414	162.810648	162.808912	147.610435	147.608704	137.609995	137.609352
124	225.010806	225.010164	215.011482	215.010196	205.011485	205.010197	195.011486	195.010195	185.011457	185.009734	170.011228	170.009504	160.010738	160.009013	145.010507	145.008787	135.010078	135.009435
125	222.010894	222.010251	212.01157	212.010284	202.011573	202.010285	192.011573	192.010283	182.011545	182.009833	167.211298	167.209585	157.21082	157.209106	142.410571	142.408862	132.410154	132.409511
126	219.010975	219.010332	209.01165	209.010364	199.011653	199.010365	189.011654	189.010363	179.011625	179.009925	164.411361	164.40966	154.410895	154.409193	139.810628	139.808931	129.810223	129.80958
127	216.011048	216.010405	206.011724	206.010437	196.011726	196.010438	186.011727	186.010436	176.011699	176.010011	161.611417	161.609727	151.610963	151.609273	137.21068	137.208994	127.210286	127.209643
128	213.011115	213.010472	203.011791	203.010504	193.011793	193.010505	183.011794	183.010503	173.011766	173.01009	158.811467	158.809789	148.811026	148.809347	134.610725	134.609052	124.610344	124.609701
129	210.011176	210.010533	200.011852	200.010566	190.011854	190.010566	180.011855	180.010564	170.011827	170.010163	156.011512	156.009846	146.011083	146.009416	132.010766	132.009104	122.010397	122.009754
130	207.011232	207.010589	197.011907	197.010621	187.01191	187.010622	177.01191	177.01062	167.011883	167.010231	153.211552	153.209898	143.211135	143.209481	129.410802	129.409152	119.410445	119.409802
131	204.011283	204.01064	194.011958	194.010672	184.011961	184.010673	174.011961	174.010671	164.011935	164.010294	150.411587	150.409945	140.411183	140.40954	126.810833	126.809195	116.810489	116.809846
132	201.01133	201.010687	191.012005	191.010719	181.012008	181.010719	171.012008	171.010717	161.011981	161.010353	147.611617	147.609987	137.611227	137.609596	124.210861	124.209235	114.210529	114.209886
133	198.011372	198.010729	188.012048	188.010761	178.01205	178.010762	168.01205	168.01076	158.012024	158.010408	144.811644	144.810027	134.811267	134.809648	121.610885	121.609271	111.610565	111.609922
134	195.011411	195.010768	185.012086	185.0108	175.012089	175.010801	165.012089	165.010799	155.012063	155.010459	142.011668	142.010062	132.011303	132.009697	119.010906	119.009304	109.010599	109.009956
135	192.011446	192.010803	182.012122	182.010836	172.012124	172.010836	162.012124	162.010834	152.012099	152.010507	139.211688	139.210095	129.211337	129.209743	116.410924	116.409335	106.410629	106.409986
136	189.011479	189.010836	179.012154	179.010868	169.012157	169.010868	159.012157	159.010866	149.012132	149.010552	136.411706	136.410125	126.411367	126.409786	113.810939	113.809362	103.810657	103.810014
137	186.011508	186.010865	176.012184	176.010897	166.012186	166.010898	156.012186	156.010896	146.012162	146.010595	133.61172	133.610152	123.611395	123.609826	111.210952	111.209387	101.210683	101.21004
138	183.011535	183.010892	173.012211	173.010924	163.012213	163.010925	153.012213	153.010923	143.012189	143.010635	130.811732	130.810176	120.811421	120.809864	108.610962	108.60941	98.610706	98.6100629
139	180.01156	180.010917	170.012235	170.010949	160.012238	160.010949	150.012238	150.010947	140.012214	140.010672	128.011742	128.010199	118.011444	118.0099	106.01097	106.009431	96.0107272	96.0100841
140	177.011582	177.01094	167.012258	167.010972	157.01226	157.010972	147.01226	147.01097	137.012237	137.010708	125.21175	125.210219	115.211465	115.209934	103.410977	103.40945	93.4107465	93.4101035
141	174.011603	174.01096	164.012278	164.010992	154.012281	154.010992	144.012281	144.01099	134.012258	134.010741	122.411757	122.410238	112.411485	112.409966	100.810981	100.809467	90.8107642	90.8101212
142	171.011622	171.010979	161.012297	161.011011	151.0123	151.011011	141.0123	141.011009	131.012278	131.010773	119.611761	119.610255	109.611503	109.609996	98.2109845	98.2094824	88.2107804	88.2101373
143	168.011639	168.010996	158.012314	158.011028	148.012317	148.011028	138.012317	138.011026	128.012295	128.010803	116.811764	116.81027	106.811519	106.810025	95.6109862	95.6094966	85.6107951	85.6101521
144	165.011655	165.011012	155.01233	155.011044	145.012332	145.011044	135.012332	135.011042	125.012311	125.010832	114.011765	114.010284	104.011534	104.010053	93.0109866	93.0095096	83.0108086	83.0101656
145	162.011669	162.011026	152.012344	152.011058	142.012347	142.011058	132.012347	132.011056	122.012326	122.010859	111.211765	111.210297	101.211548	101.210079	90.4109858	90.4095214	80.4108208	80.4101779
146	159.011682	159.011039	149.012357	149.011071	139.01236	139.011071	129.01236	129.011069	119.01234	119.010885	108.411764	108.410309	98.4115606	98.4101048	87.8109839	87.8095321	77.810832	77.8101891
147	156.011694	156.011051	146.012369	146.011083	136.012372	136.011083	126.012371	126.011081	116.012352	116.010911	105.611762	105.610319	95.6115722	95.6101291	85.210981	85.2095418	75.2108423	75.2101994
148	153.011705	153.011062	143.01238	143.011094	133.012382	133.011094	123.012382	123.011092	113.012363	113.010935	102.811759	102.810329	92.8115829	92.8101524	82.6109771	82.6095506	72.6108516	72.6102087
149	150.011715	150.011072	140.01239	140.011104	130.012392	130.011104	120.012392	120.011102	110.012374	110.010958	100.011755	100.010338	90.0115926	90.0101749	80.0109725	80.0095586	70.0108602	70.0102173
150	150.009408	150.008765	140.010083	140.008797	130.010085	130.008797	120.010085	120.008795	110.010067	110.008659	100.009594	100.008184	90.00944	90.0080297	80.0089651	80.0075587	70.0088607	70.0082179
151	150.008305	150.007662	140.008981	140.007694	130.008983	130.007695	120.008983	120.007693	110.008966	110.007566	100.008556	100.007154	90.0084116	90.0070099	80.0080006	80.0066027	70.0079053	70.0072625
152	150.007449	150.006806	140.008125	140.006838	130.008127	130.006839	120.008127	120.006837	110.00811	110.006718	100.007749	100.006355	90.0076132	90.0062196	80.0072501	80.0058602	70.0071634	70.0065206
153	150.006734	150.006091	140.007409	140.006123	130.007412	130.006123	120.007412	120.006122	110.007396	110.006011	100.007073	100.005687	90.0069462	90.0055601	80.0066221	80.0052398	70.0065434	70.0059007
154	150.006113	150.00547	140.006788	140.005502	130.006791	130.005502	120.006791	120.005501	110.006775	110.005398	100.006485	100.005107	90.006367	90.0049881	80.006076	80.0047009	70.0060051	70.0053623
155	150.005562	150.004919	140.006237	140.004951	130.00624	130.004951	120.006239	120.004949	110.006224	110.004854	100.005964	100.004592	90.0058531	90.004481	80.0055911	80.0042226	70.0055274	70.0048847
156	150.005067	150.004424	140.005742	140.004456	130.005745	130.004456	120.005744	120.004454	110.00573	110.004366	100.005495	100.004129	90.0053917	90.0040259	80.0051551	80.003793	70.0050983	70.0044556
157	150.004619	150.003976	140.005294	140.004008	130.005297	130.004008	120.005297	120.004007	110.005283	110.003924	100.00507	100.003711	90.0049743	90.0036145	80.0047605	80.0034043	70.0047102	70.0040676
158	150.004212	150.003569	140.004888	140.003601	130.00489	130.003602	120.00489	120.0036	110.004877	110.003524	100.004685	100.00333	90.0045953	90.003241	80.004402	80.0030513	70.0043577	70.0037151
159	150.003842	150.003199	140.004518	140.003231	130.00452	130.003231	120.00452	120.00323	110.004507	110.003159	100.004333	100.002984	90.0042503	90.0029013	80.0040754	80.0027299	70.0040368	70.0033943
160	150.003505	150.002862	140.00418	140.002894	130.004182	130.002894	120.004182	120.002893	110.00417	110.002827	100.004013	100.002669	90.0039359	90.0025917	80.0037775	80.0024369	70.0037443	70.0031018
161	150.003197	150.002554	140.003872	140.002586	130.003875	130.002586	120.003875	120.002585	110.003863	110.002525	100.003721	100.002381	90.0036491	90.0023094	80.0035057	80.0021695	70.0034775	70.002835
162	150.002916	150.002273	140.003591	140.002305	130.003594	130.002305	120.003594	120.002304	110.003583	110.002248	100.003454	100.002118	90.0033875	90.0020519	80.0032576	80.0019255	70.003234	70.0025916
163	150.00266	150.002017	140.003335	140.002049	130.003337	130.002049	120.003337	120.002048	110.003327	110.001996	100.00321	100.001879	90.0031486	90.001817	80.003031	80.0017027	70.0030117	70.0023693
164	150.002426	150.001783	140.003101	140.001815	130.003103	130.001815	120.003103	120.001813	110.003093	110.001766	100.002988	100.00166	90.0029306	90.0016026	80.002824	80.0014993	70.0028088	70.0021664
165	150.002212	150.001569	140.002887	140.001601	130.00289	130.001601	120.002889	120.0016	110.00288	110.001556	100.002784	100.00146	90.0027316	90.0014068	80.002635	80.0013135	70.0026235	70.0019812
166	150.002017	150.001374	140.002692	140.001406	130.002694	130.001406	120.002694	120.001405	110.002685	110.001365	100.002599	100.001277	90.0025499	90.0012282	80.0024624	80.0011439	70.0024543	70.001812
167	150.001839	150.001196	140.002514	140.001228	130.002516	130.001228	120.002516	120.001227	110.002508	110.00119	100.002429	100.00111	90.0023841	90.0010651	80.0023047	80.000989	70.0022998	70.0016576
168	150.001676	150.001033	140.002351	140.001065	130.002354	130.001065	120.002353	120.001064	110.002345	110.00103	100.002274	100.000958	90.0022326	90.0009163	80.0021607	80.0008475	70.0021588	70.0015166
169	150.001527	150.000884	140.002203	140.000916	130.002205	130.000916	120.002205	120.000915	110.002197	110.000884	100.002133	100.000819	90.0020944	90.0007804	80.0020291	80.0007182	70.00203	70.0013878
170	150.001392	150.000749	140.002067	140.000781	130.002069	130.000781	120.002069	120.00078	110.002062	110.000751	100.002004	100.000692	90.0019682	90.0006563	80.001909	80.0006002	70.0019124	70.0012702
171	150.001268	150.000625	140.001943	140.000657	130.001945	130.000657	120.001945	120.000656	110.001939	110.00063	100.001886	100.000576	90.0018529	90.0005431	80.0017992	80.0004924	70.0018049	70.0011629
172	150.001155	150.000512	140.00183	140.000544	130.001832	130.000544	120.001832	120.000543	110.001826	110.000519	100.001778	100.00047	90.0017477	90.0004397	80.001699	80.000394	70.0017069	70.0010648
173	150.001051	150.000408	140.001727	140.00044	130.001729	130.00044	120.001729	120.00044	110.001723	110.000417	100.00168	100.000373	90.0016517	90.0003453	80.0016075	80.0003041	70.0016173	70.0009753
174	150.000957	150.000314	140.001632	140.000346	130.001635	130.000346	120.001635	120.000345	110.001629	110.000325	100.00159	100.000285	90.001564	90.0002591	80.0015239	80.000222	70.0015355	70.0008935
175	150.000871	150.000228	140.001546	140.00026	130.001549	130.00026	120.001548	120.000259	110.001543	110.000241	100.001508	100.000204	90.0014839	90.0001804	80.0014475	80.000147	70.0014608	70.0008189
176	150.000792	150.000149	140.001468	140.000181	130.00147	130.000181	120.00147	120.000181	110.001465	110.000164	100.001433	100.00013	90.0014108	90.0001086	80.0013778	80.0000785	70.0013926	70.0007507
177	150.000721	150.000078	140.001396	140.000109	130.001398	130.00011	120.001398	120.000109	110.001394	110.000093	100.001364	100.000063	90.001344	90.000043	80.0013141	80.0000159	70.0013304	70.0006885
178	150.000655	150.000012	140.00133	140.000044	130.001333	130.000044	120.001332	120.000043	110.001328	110.000029	100.001302	100.000002	90.0012831	89.9999832	80.0012559	79.9999588	70.0012735	70.0006317
179	150.000595	149.999952	140.00127	139.999984	130.001273	129.999984	120.001273	119.999983	110.001269	109.99997	100.001244	99.9999455	90.0012275	89.9999285	80.0012028	79.9999066	70.0012216	70.0005798
180	150.00054	149.999897	140.001216	139.999929	130.001218	129.999929	120.001218	119.999929	110.001214	109.999917	100.001192	99.9998942	90.0011767	89.9998786	80.0011542	79.999859	70.0011742	70.0005324
181	150.00049	149.999847	140.001166	139.999879	130.001168	129.99988	120.001168	119.999879	110.001165	109.999868	100.001145	99.9998474	90.0011303	89.9998331	80.0011099	79.9998155	70.0011309	70.0004891
182	150.000445	149.999802	140.00112	139.999834	130.001122	129.999834	120.001122	119.999833	110.001119	109.999823	100.001101	99.9998047	90.0010879	89.9997915	80.0010695	79.9997757	70.0010913	70.0004496
183	150.000403	149.99976	140.001078	139.999792	130.001081	129.999792	120.001081	119.999792	110.001078	109.999783	100.001061	99.9997656	90.0010493	89.9997535	80.0010325	79.9997394	70.0010552	70.0004135
184	150.000365	149.999722	140.00104	139.999754	130.001043	129.999754	120.001043	119.999754	110.00104	109.999745	100.001025	99.99973	90.001014	89.9997188	80.0009988	79.9997063	70.0010222	70.0003806
185	150.000331	149.999688	140.001006	139.999719	130.001008	129.99972	120.001008	119.999719	110.001006	109.999711	100.000992	99.9996974	90.0009818	89.9996872	80.0009679	79.999676	70.0009921	70.0003505
186	150.000299	149.999656	140.000974	139.999688	130.000976	129.999688	120.000976	119.999687	110.000974	109.99968	100.000962	99.9996677	90.0009523	89.9996583	80.0009398	79.9996483	70.0009646	70.000323
187	150.00027	149.999627	140.000945	139.999659	130.000948	129.999659	120.000947	119.999659	110.000945	109.999652	100.000934	99.9996405	90.0009255	89.9996319	80.0009141	79.9996231	70.0009395	70.0002979
188	150.000243	149.999601	140.000919	139.999632	130.000921	129.999633	120.000921	119.999632	110.000919	109.999626	100.000909	99.9996157	90.0009009	89.9996078	80.0008906	79.9996	70.0009166	70.000275
189	150.000219	149.999576	140.000895	139.999608	130.000897	129.999608	120.000897	119.999608	110.000895	109.999603	100.000886	99.9995931	90.0008785	89.9995858	80.0008692	79.999579	70.0008957	70.0002541
190	150.000197	149.999554	140.000873	139.999586	130.000875	129.999586	120.000875	119.999586	110.000873	109.999581	100.000865	99.9995724	90.0008581	89.9995657	80.0008496	79.9995597	70.0008765	70.000235
191	150.000177	149.999534	140.000852	139.999566	130.000855	129.999566	120.000855	119.999566	110.000853	109.999561	100.000846	99.9995535	90.0008394	89.9995474	80.0008317	79.9995422	70.0008591	70.0002176
192	150.000159	149.999516	140.000834	139.999548	130.000836	129.999548	120.000836	119.999548	110.000835	109.999543	100.000828	99.9995362	90.0008224	89.9995307	80.0008154	79.9995261	70.0008431	70.0002016
193	150.000142	149.999499	140.000817	139.999531	130.00082	129.999531	120.00082	119.999531	110.000818	109.999527	100.000812	99.9995205	90.0008068	89.9995154	80.0008004	79.9995115	70.0008286	70.0001871
194	150.000127	149.999484	140.000802	139.999516	130.000804	129.999516	120.000804	119.999516	110.000803	109.999512	100.000797	99.9995061	90.0007926	89.9995014	80.0007868	79.9994981	70.0008153	70.0001738
195	150.000113	149.99947	140.000788	139.999502	130.00079	129.999502	120.00079	119.999502	110.000789	109.999498	100.000784	99.999493	90.0007796	89.9994887	80.0007744	79.9994859	70.0008031	70.0001617
196	150.0001	149.999457	140.000775	139.999489	130.000778	129.999489	120.000778	119.999489	110.000776	109.999486	100.000772	99.999481	90.0007678	89.999477	80.000763	79.9994747	70.0007921	70.0001506
197	150.000088	149.999445	140.000764	139.999477	130.000766	129.999477	120.000766	119.999477	110.000765	109.999475	100.000761	99.99947	90.000757	89.9994664	80.0007527	79.9994645	70.0007819	70.0001405
198	150.000078	149.999435	140.000753	139.999467	130.000755	129.999467	120.000755	119.999467	110.000754	109.999464	100.00075	99.99946	90.0007471	89.9994567	80.0007432	79.9994552	70.0007727	70.0001313
199	150.000068	149.999425	140.000743	139.999457	130.000746	129.999457	120.000746	119.999457	110.000745	109.999455	100.000741	99.9994509	90.0007381	89.9994479	80.0007345	79.9994467	70.0007642	70.0001229
200	151.299055	151.298412	141.299731	141.298444	131.299733	131.298445	121.299733	121.298444	111.299732	111.298442	101.299729	101.298439	91.2997262	91.2984362	81.299723	81.2984353	71.2997529	71.2991116
201	152.598566	152.597923	142.599241	142.597955	132.599244	132.597955	122.599244	122.597955	112.599243	112.597953	102.59924	102.59795	92.5992375	92.5979475	82.5992346	82.597947	72.5992646	72.5986233
202	153.898184	153.897542	143.89886	143.897573	133.898862	133.897574	123.898862	123.897573	113.898861	113.897572	103.898859	103.897569	93.8988564	93.8975666	83.8988538	83.8975663	73.898884	73.8982426
203	155.197865	155.197222	145.19854	145.197254	135.198542	135.197254	125.198542	125.197254	115.198542	115.197252	105.198539	105.19725	95.1985372	95.1972475	85.1985348	85.1972474	75.1985652	75.1979238
204	156.497587	156.496944	146.498262	146.496976	136.498264	136.496976	126.498264	126.496976	116.498264	116.496974	106.498262	106.496972	96.4982596	96.49697	86.4982574	86.4969702	76.4982879	76.4976466
205	157.79734	157.796697	147.798015	147.796729	137.798017	137.796729	127.798017	127.796729	117.798017	117.796727	107.798015	107.796725	97.798013	97.7967235	87.7980111	87.7967239	77.7980417	77.7974004
206	159.097118	159.096475	149.097793	149.096507	139.097795	139.096507	129.097795	129.096507	119.097795	119.096506	109.097793	109.096504	99.0977915	99.0965021	89.0977897	89.0965026	79.0978205	79.0971792
207	160.396917	160.396274	150.397592	150.396306	140.397595	140.396306	130.397595	130.396306	120.397594	120.396305	110.397593	110.396303	100.397591	100.396302	90.3975895	90.3963024	80.3976203	80.396979
208	161.696735	161.696092	151.69741	151.696124	141.697412	141.696124	131.697412	131.696124	121.697412	121.696123	111.69741	111.696121	101.697409	101.69612	91.6974075	91.6961205	81.6974384	81.6967971
209	162.996569	162.995926	152.997244	152.995957	142.997246	142.995958	132.997246	132.995958	122.997246	122.995957	112.997244	112.995955	102.997243	102.995954	92.9972419	92.9959549	82.9972729	82.9966316
210	164.296417	164.295774	154.297092	154.295806	144.297095	144.295806	134.297095	134.295806	124.297094	124.295805	114.297093	114.295804	104.297092	104.295803	94.2970909	94.295804	84.297122	84.2964807
211	165.596279	165.595636	155.596954	155.595668	145.596957	145.595668	135.596957	135.595668	125.596956	125.595667	115.596955	115.595666	105.596954	105.595665	95.5969532	95.5956663	85.5969843	85.596343
212	166.896153	166.89551	156.896828	156.895542	146.896831	146.895542	136.896831	136.895542	126.89683	126.895541	116.896829	116.89554	106.896828	106.895539	96.8968275	96.8955407	86.8968587	86.8962174
213	168.196038	168.195395	158.196713	158.195427	148.196716	148.195427	138.196716	138.195427	128.196715	128.195426	118.196714	118.195425	108.196714	108.195425	98.1967127	98.195426	88.196744	88.1961027
214	169.495933	169.49529	159.496608	159.495322	149.496611	149.495322	139.496611	139.495322	129.49661	129.495321	119.49661	119.495321	109.496609	109.49532	99.496608	99.4953213	89.4966393	89.495998
215	170.795837	170.795194	160.796512	160.795226	150.796515	150.795226	140.796515	140.795226	130.796514	130.795226	120.796514	120.795225	110.796513	110.795224	100.796512	100.795226	90.7965437	90.7959024
216	172.09575	172.095107	162.096425	162.095138	152.096427	152.095139	142.096427	142.095139	132.096427	132.095138	122.096426	122.095137	112.096426	112.095137	102.096425	102.095138	92.0964564	92.0958152
217	173.39567	173.395027	163.396345	163.395059	153.396347	153.395059	143.396347	143.395059	133.396347	133.395058	123.396346	123.395058	113.396346	113.395057	103.396345	103.395059	93.3963767	93.3957355
218	174.695597	174.694954	164.696272	164.694986	154.696274	154.694986	144.696274	144.694986	134.696274	134.694985	124.696273	124.694985	114.696273	114.694984	104.696272	104.694986	94.6963039	94.6956627
219	175.99553	175.994887	165.996205	165.994919	155.996208	155.994919	145.996208	145.994919	135.996207	135.994919	125.996207	125.994918	115.996206	115.994918	105.996206	105.994919	95.9962375	95.9955962
220	177.295469	177.294826	167.296144	167.294858	157.296147	157.294858	147.296147	147.294858	137.296147	137.294858	127.296146	127.294857	117.296146	117.294857	107.296145	107.294859	97.2961768	97.2955356
221	178.595414	178.594771	168.596089	168.594802	158.596091	158.594803	148.596091	148.594803	138.596091	138.594802	128.596091	128.594802	118.59609	118.594801	108.59609	108.594803	98.5961214	98.5954802
222	179.895363	179.89472	169.896038	169.894752	159.89604	159.894752	149.89604	149.894752	139.89604	139.894752	129.89604	129.894751	119.896039	119.894751	109.896039	109.894753	99.8960708	99.8954296
223	181.195316	181.194673	171.195992	171.194705	161.195994	161.194705	151.195994	151.194705	141.195994	141.194705	131.195994	131.194705	121.195993	121.194704	111.195993	111.194706	101.196025	101.195383
224	182.495274	182.494631	172.495949	172.494663	162.495952	162.494663	152.495952	152.494663	142.495952	142.494663	132.495951	132.494663	122.495951	122.494662	112.495951	112.494664	102.495982	102.495341
225	183.795235	183.794592	173.795911	173.794624	163.795913	163.794625	153.795913	153.794625	143.795913	143.794624	133.795913	133.794624	123.795912	123.794624	113.795912	113.794626	103.795944	103.795303
226	185.0952	185.094557	175.095875	175.094589	165.095878	165.094589	155.095878	155.094589	145.095878	145.094589	135.095877	135.094589	125.095877	125.094588	115.095877	115.094591	105.095909	105.095268
227	186.395168	186.394525	176.395843	176.394557	166.395846	166.394557	156.395846	156.394557	146.395845	146.394557	136.395845	136.394557	126.395845	126.394556	116.395845	116.394558	106.395877	106.395235
228	187.695139	187.694496	177.695814	177.694527	167.695816	167.694528	157.695816	157.694528	147.695816	147.694527	137.695816	137.694527	127.695816	127.694527	117.695816	117.694529	107.695847	107.695206
229	188.995112	188.994469	178.995787	178.994501	168.995789	168.994501	158.995789	158.994501	148.995789	148.994501	138.995789	138.9945	128.995789	128.9945	118.995789	118.994502	108.99582	108.995179
230	190.295087	190.294444	180.295762	180.294476	170.295765	170.294476	160.295765	160.294476	150.295765	150.294476	140.295765	140.294476	130.295764	130.294476	120.295764	120.294478	110.295796	110.295155
231	191.595065	191.594422	181.59574	181.594454	171.595742	171.594454	161.595742	161.594454	151.595742	151.594454	141.595742	141.594454	131.595742	131.594453	121.595742	121.594456	111.595774	111.595133
232	192.895044	192.894401	182.89572	182.894433	172.895722	172.894433	162.895722	162.894433	152.895722	152.894433	142.895722	142.894433	132.895722	132.894433	122.895722	122.894435	112.895753	112.895112
233	194.195026	194.194383	184.195701	184.194415	174.195703	174.194415	164.195703	164.194415	154.195703	154.194415	144.195703	144.194414	134.195703	134.194414	124.195703	124.194417	114.195735	114.195093
234	195.495009	195.494366	185.495684	185.494397	175.495686	175.494398	165.495686	165.494398	155.495686	155.494398	145.495686	145.494397	135.495686	135.494397	125.495686	125.4944	115.495718	115.495076
235	196.794993	196.79435	186.795668	186.794382	176.795671	176.794382	166.795671	166.794382	156.795671	156.794382	146.79567	146.794382	136.79567	136.794382	126.79567	126.794384	116.795702	116.795061
236	198.094979	198.094336	188.095654	188.094368	178.095656	178.094368	168.095656	168.094368	158.095656	158.094368	148.095656	148.094368	138.095656	138.094368	128.095656	128.09437	118.095688	118.095047
237	199.394966	199.394323	189.395641	189.394355	179.395643	179.394355	169.395643	169.394355	159.395643	159.394355	149.395643	149.394355	139.395643	139.394355	129.395643	129.394357	119.395675	119.395034
238	200.694954	200.694311	190.695629	190.694343	180.695632	180.694343	170.695632	170.694343	160.695632	160.694343	150.695631	150.694343	140.695631	140.694343	130.695631	130.694345	120.695663	120.695022
239	201.994943	201.9943	191.995618	191.994332	181.995621	181.994332	171.995621	171.994332	161.995621	161.994332	151.995621	151.994332	141.995621	141.994332	131.995621	131.994334	121.995652	121.995011
240	203.294933	203.29429	193.295608	193.294322	183.295611	183.294322	173.295611	173.294322	163.295611	163.294322	153.295611	153.294322	143.295611	143.294322	133.295611	133.294324	123.295643	123.295001
241	204.594924	204.594281	194.595599	194.594313	184.595602	184.594313	174.595602	174.594313	164.595602	164.594313	154.595602	154.594313	144.595602	144.594313	134.595602	134.594315	124.595634	124.594992
242	205.894916	205.894273	195.895591	195.894305	185.895594	185.894305	175.895594	175.894305	165.895594	165.894305	155.895593	155.894305	145.895593	145.894305	135.895594	135.894307	125.895625	125.894984
243	207.194908	207.194265	197.195584	197.194297	187.195586	187.194298	177.195586	177.194298	167.195586	167.194297	157.195586	157.194297	147.195586	147.194297	137.195586	137.1943	127.195618	127.194977
244	208.494902	208.494259	198.495577	198.49429	188.495579	188.494291	178.495579	178.494291	168.495579	168.494291	158.495579	158.494291	148.495579	148.494291	138.495579	138.494293	128.495611	128.49497
245	209.794895	209.794252	199.795571	199.794284	189.795573	189.794284	179.795573	179.794284	169.795573	169.794284	159.795573	159.794284	149.795573	149.794284	139.795573	139.794287	129.795605	129.794964
246	211.09489	211.094247	201.095565	201.094278	191.095567	191.094279	181.095567	181.094279	171.095567	171.094279	161.095567	161.094279	151.095567	151.094279	141.095567	141.094281	131.095599	131.094958
247	212.394884	212.394241	202.39556	202.394273	192.395562	192.394273	182.395562	182.394273	172.395562	172.394273	162.395562	162.394273	152.395562	152.394273	142.395562	142.394276	132.395594	132.394953
248	213.69488	213.694237	203.695555	203.694268	193.695557	193.694269	183.695557	183.694269	173.695557	173.694269	163.695557	163.694269	153.695557	153.694269	143.695557	143.694271	133.695589	133.694948
249	214.994875	214.994232	204.99555	204.994264	194.995553	194.994264	184.995553	184.994264	174.995553	174.994264	164.995553	164.994264	154.995553	154.994264	144.995553	144.994267	134.995585	134.994944
250	216.294871	216.294228	206.295546	206.29426	196.295549	196.29426	186.295549	186.29426	176.295549	176.29426	166.295549	166.29426	156.295549	156.29426	146.295549	146.294263	136.295581	136.29494
251	217.594868	217.594225	207.595543	207.594256	197.595545	197.594257	187.595545	187.594257	177.595545	177.594257	167.595545	167.594257	157.595545	157.594257	147.595545	147.594259	137.595577	137.594936
252	218.894864	218.894221	208.895539	208.894253	198.895542	198.894253	188.895542	188.894253	178.895542	178.894253	168.895542	168.894253	158.895542	158.894253	148.895542	148.894256	138.895574	138.894933
253	220.194861	220.194218	210.195536	210.19425	200.195539	200.19425	190.195539	190.19425	180.195539	180.19425	170.195539	170.19425	160.195539	160.19425	150.195539	150.194253	140.195571	140.19493
254	221.494858	221.494215	211.495534	211.494247	201.495536	201.494248	191.495536	191.494248	181.495536	181.494247	171.495536	171.494247	161.495536	161.494247	151.495536	151.49425	141.495568	141.494927
255	222.794856	222.794213	212.795531	212.794245	202.795534	202.794245	192.795534	192.794245	182.795534	182.794245	172.795533	172.794245	162.795533	162.794245	152.795534	152.794247	142.795566	142.794924
256	224.094854	224.094211	214.095529	214.094243	204.095531	204.094243	194.095531	194.094243	184.095531	184.094243	174.095531	174.094243	164.095531	164.094243	154.095531	154.094245	144.095563	144.094922
257	225.394851	225.394209	215.395527	215.39424	205.395529	205.394241	195.395529	195.394241	185.395529	185.394241	175.395529	175.394241	165.395529	165.394241	155.395529	155.394243	145.395561	145.39492
258	226.69485	226.694207	216.695525	216.694238	206.695527	206.694239	196.695527	196.694239	186.695527	186.694239	176.695527	176.694239	166.695527	166.694239	156.695527	156.694241	146.695559	146.694918
259	227.994848	227.994205	217.995523	217.994237	207.995525	207.994237	197.995525	197.994237	187.995525	187.994237	177.995525	177.994237	167.995525	167.994237	157.995526	157.994239	147.995557	147.994916
260	229.294846	229.294203	219.295521	219.294235	209.295524	209.294235	199.295524	199.294235	189.295524	189.294235	179.295524	179.294235	169.295524	169.294235	159.295524	159.294238	149.295556	149.294915
261	230.594845	230.594202	220.59552	220.594234	210.595522	210.594234	200.595522	200.594234	190.595522	190.594234	180.595522	180.594234	170.595522	170.594234	160.595522	160.594236	150.595554	150.594913
262	231.894843	231.8942	221.895519	221.894232	211.895521	211.894232	201.895521	201.894232	191.895521	191.894232	181.895521	181.894232	171.895521	171.894232	161.895521	161.894235	151.895553	151.894912
263	233.194842	233.194199	223.195517	223.194231	213.19552	213.194231	203.19552	203.194231	193.19552	193.194231	183.19552	183.194231	173.19552	173.194231	163.19552	163.194234	153.195552	153.194911
264	234.494841	234.494198	224.495516	224.49423	214.495519	214.49423	204.495519	204.49423	194.495519	194.49423	184.495519	184.49423	174.495519	174.49423	164.495519	164.494232	154.495551	154.49491
265	235.79484	235.794197	225.795515	225.794229	215.795518	215.794229	205.795518	205.794229	195.795518	195.794229	185.795518	185.794229	175.795518	175.794229	165.795518	165.794231	155.79555	155.794908
266	237.094839	237.094196	227.095514	227.094228	217.095517	217.094228	207.095517	207.094228	197.095517	197.094228	187.095517	187.094228	177.095517	177.094228	167.095517	167.094231	157.095549	157.094908
267	238.394838	238.394195	228.395514	228.394227	218.395516	218.394227	208.395516	208.394227	198.395516	198.394227	188.395516	188.394227	178.395516	178.394227	168.395516	168.39423	158.395548	158.394907
268	239.694837	239.694195	229.695513	229.694226	219.695515	219.694227	209.695515	209.694227	199.695515	199.694227	189.695515	189.694227	179.695515	179.694227	169.695515	169.694229	159.695547	159.694906
269	240.994837	240.994194	230.995512	230.994226	220.995514	220.994226	210.995514	210.994226	200.995514	200.994226	190.995514	190.994226	180.995514	180.994226	170.995515	170.994228	160.995546	160.994905
270	242.294836	242.294193	232.295511	232.294225	222.295514	222.294225	212.295514	212.294225	202.295514	202.294225	192.295514	192.294225	182.295514	182.294225	172.295514	172.294228	162.295546	162.294905
271	243.594836	243.594193	233.595511	233.594224	223.595513	223.594225	213.595513	213.594225	203.595513	203.594225	193.595513	193.594225	183.595513	183.594225	173.595513	173.594227	163.595545	163.594904
272	244.894835	244.894192	234.89551	234.894224	224.895513	224.894224	214.895513	214.894224	204.895513	204.894224	194.895513	194.894224	184.895513	184.894224	174.895513	174.894226	164.895545	164.894903
273	246.194835	246.194192	236.19551	236.194223	226.195512	226.194224	216.195512	216.194224	206.195512	206.194224	196.195512	196.194224	186.195512	186.194224	176.195512	176.194226	166.195544	166.194903
274	247.494834	247.494191	237.495509	237.494223	227.495512	227.494223	217.495512	217.494223	207.495512	207.494223	197.495512	197.494223	187.495512	187.494223	177.495512	177.494225	167.495544	167.494903
275	248.794834	248.794191	238.795509	238.794223	228.795511	228.794223	218.795511	218.794223	208.795511	208.794223	198.795511	198.794223	188.795511	188.794223	178.795511	178.794225	168.795543	168.794902
276	250.094833	250.09419	240.095509	240.094222	230.095511	230.094222	220.095511	220.094222	210.095511	210.094222	200.095511	200.094222	190.095511	190.094222	180.095511	180.094225	170.095543	170.094902
277	251.394833	251.39419	241.395508	241.394222	231.395511	231.394222	221.395511	221.394222	211.395511	211.394222	201.395511	201.394222	191.395511	191.394222	181.395511	181.394224	171.395543	171.394901
278	252.694833	252.69419	242.695508	242.694222	232.69551	232.694222	222.69551	222.694222	212.69551	212.694222	202.69551	202.694222	192.69551	192.694222	182.69551	182.694224	172.695542	172.694901
279	253.994832	253.994189	243.995508	243.994221	233.99551	233.994221	223.99551	223.994221	213.99551	213.994221	203.99551	203.994221	193.99551	193.994221	183.99551	183.994224	173.995542	173.994901
280	255.294832	255.294189	245.295507	245.294221	235.29551	235.294221	225.29551	225.294221	215.29551	215.294221	205.29551	205.294221	195.29551	195.294221	185.29551	185.294224	175.295542	175.294901
281	256.594832	256.594189	246.595507	246.594221	236.595509	236.594221	226.595509	226.594221	216.595509	216.594221	206.595509	206.594221	196.595509	196.594221	186.59551	186.594223	176.595542	176.5949
282	257.894832	257.894189	247.895507	247.894221	237.895509	237.894221	227.895509	227.894221	217.895509	217.894221	207.895509	207.894221	197.895509	197.894221	187.895509	187.894223	177.895541	177.8949
283	259.194831	259.194188	249.195507	249.19422	239.195509	239.19422	229.195509	229.19422	219.195509	219.19422	209.195509	209.19422	199.195509	199.194221	189.195509	189.194223	179.195541	179.1949
284	260.494831	260.494188	250.495506	250.49422	240.495509	240.49422	230.495509	230.49422	220.495509	220.49422	210.495509	210.49422	200.495509	200.49422	190.495509	190.494223	180.495541	180.4949
285	261.794831	261.794188	251.795506	251.79422	241.795509	241.79422	231.795509	231.79422	221.795509	221.79422	211.795509	211.79422	201.795509	201.79422	191.795509	191.794223	181.795541	181.7949
286	263.094831	263.094188	253.095506	253.09422	243.095509	243.09422	233.095509	233.09422	223.095509	223.09422	213.095509	213.09422	203.095509	203.09422	193.095509	193.094222	183.095541	183.094899
287	264.394831	264.394188	254.395506	254.39422	244.395508	244.39422	234.395508	234.39422	224.395508	224.39422	214.395508	214.39422	204.395508	204.39422	194.395509	194.394222	184.39554	184.394899
288	265.694831	265.694188	255.695506	255.69422	245.695508	245.69422	235.695508	235.69422	225.695508	225.69422	215.695508	215.69422	205.695508	205.69422	195.695508	195.694222	185.69554	185.694899
289	266.994831	266.994188	256.995506	256.994219	246.995508	246.99422	236.995508	236.99422	226.995508	226.99422	216.995508	216.99422	206.995508	206.99422	196.995508	196.994222	186.99554	186.994899
290	268.29483	268.294187	258.295506	258.294219	248.295508	248.29422	238.295508	238.29422	228.295508	228.29422	218.295508	218.29422	208.295508	208.29422	198.295508	198.294222	188.29554	188.294899
291	269.59483	269.594187	259.595506	259.594219	249.595508	249.594219	239.595508	239.594219	229.595508	229.594219	219.595508	219.594219	209.595508	209.594219	199.595508	199.594222	189.59554	189.594899
292	270.89483	270.894187	260.895505	260.894219	250.895508	250.894219	240.895508	240.894219	230.895508	230.894219	220.895508	220.894219	210.895508	210.894219	200.895508	200.894222	190.89554	190.894899
293	272.19483	272.194187	262.195505	262.194219	252.195508	252.194219	242.195508	242.194219	232.195508	232.194219	222.195508	222.194219	212.195508	212.194219	202.195508	202.194222	192.19554	192.194899
294	273.49483	273.494187	263.495505	263.494219	253.495508	253.494219	243.495508	243.494219	233.495508	233.494219	223.495508	223.494219	213.495508	213.494219	203.495508	203.494222	193.49554	193.494899
295	274.79483	274.794187	264.795505	264.794219	254.795508	254.794219	244.795508	244.794219	234.795508	234.794219	224.795508	224.794219	214.795508	214.794219	204.795508	204.794221	194.79554	194.794899
296	276.09483	276.094187	266.095505	266.094219	256.095508	256.094219	246.095508	246.094219	236.095508	236.094219	226.095508	226.094219	216.095508	216.094219	206.095508	206.094221	196.09554	196.094898
297	277.39483	277.394187	267.395505	267.394219	257.395508	257.394219	247.395508	247.394219	237.395508	237.394219	227.395508	227.394219	217.395508	217.394219	207.395508	207.394221	197.39554	197.394898
298	278.69483	278.694187	268.695505	268.694219	258.695507	258.694219	248.695507	248.694219	238.695507	238.694219	228.695507	228.694219	218.695507	218.694219	208.695508	208.694221	198.69554	198.694898
299	279.99483	279.994187	269.995505	269.994219	259.995507	259.994219	249.995507	249.994219	239.995507	239.994219	229.995507	229.994219	219.995507	219.994219	209.995508	209.994221	199.995539	199.994898
300	279.995833	279.99519	269.996509	269.995222	259.996511	259.995222	249.996511	249.995222	239.996511	239.995222	229.996511	229.995222	219.996511	219.995222	209.996511	209.995225	199.996543	199.995902
301	279.996315	279.995672	269.99699	269.995704	259.996992	259.995704	249.996992	249.995704	239.996992	239.995704	229.996992	229.995704	219.996992	219.995704	209.996992	209.995706	199.997024	199.996383
302	279.996689	279.996046	269.997364	269.996078	259.997366	259.996078	249.997366	249.996078	239.997366	239.996078	229.997366	229.996078	219.997366	219.996078	209.997367	209.99608	199.997398	199.996757
303	279.997002	279.996359	269.997677	269.996391	259.997679	259.996391	249.997679	249.996391	239.997679	239.996391	229.997679	229.996391	219.997679	219.996391	209.997679	209.996393	199.997711	199.99707
304	279.997274	279.996631	269.997949	269.996662	259.997951	259.996663	249.997951	249.996663	239.997951	239.996663	229.997951	229.996663	219.997951	219.996663	209.997951	209.996665	199.997983	199.997342
305	279.997515	279.996872	269.99819	269.996904	259.998192	259.996904	249.998192	249.996904	239.998192	239.996904	229.998192	229.996904	219.998192	219.996904	209.998193	209.996906	199.998224	199.997583
306	279.997732	279.997089	269.998407	269.99712	259.998409	259.997121	249.998409	249.997121	239.998409	239.997121	229.998409	229.997121	219.998409	219.997121	209.998409	209.997123	199.998441	199.9978
307	279.997928	279.997285	269.998603	269.997317	259.998605	259.997317	249.998605	249.997317	239.998605	239.997317	229.998605	229.997317	219.998605	219.997317	209.998605	209.997319	199.998637	199.997996
308	279.998106	279.997463	269.998781	269.997495	259.998783	259.997495	249.998783	249.997495	239.998783	239.997495	229.998783	229.997495	219.998783	219.997495	209.998784	209.997497	199.998815	199.998174
309	279.998268	279.997625	269.998943	269.997657	259.998945	259.997657	249.998945	249.997657	239.998945	239.997657	229.998945	229.997657	219.998945	219.997657	209.998946	209.997659	199.998978	199.998336
310	279.998416	279.997773	269.999091	269.997805	259.999093	259.997805	249.999093	249.997805	239.999093	239.997805	229.999093	229.997805	219.999093	219.997805	209.999093	209.997807	199.999125	199.998484
311	279.99855	279.997908	269.999226	269.997939	259.999228	259.99794	249.999228	249.99794	239.999228	239.99794	229.999228	229.99794	219.999228	219.99794	209.999228	209.997942	199.99926	199.998619
312	279.998674	279.998031	269.999349	269.998062	259.999351	259.998063	249.999351	249.998063	239.999351	239.998063	229.999351	229.998063	219.999351	219.998063	209.999351	209.998065	199.999383	199.998742
313	279.998786	279.998143	269.999461	269.998175	259.999463	259.998175	249.999463	249.998175	239.999463	239.998175	229.999463	229.998175	219.999463	219.998175	209.999464	209.998177	199.999495	199.998854
314	279.998888	279.998245	269.999564	269.998277	259.999566	259.998277	249.999566	249.998277	239.999566	239.998277	229.999566	229.998277	219.999566	219.998277	209.999566	209.99828	199.999598	199.998957
315	279.998982	279.998339	269.999657	269.998371	259.99966	259.998371	249.99966	249.998371	239.99966	239.998371	229.99966	229.998371	219.99966	219.998371	209.99966	209.998373	199.999692	199.99905
316	279.999067	279.998424	269.999743	269.998456	259.999745	259.998456	249.999745	249.998456	239.999745	239.998456	229.999745	229.998456	219.999745	219.998457	209.999745	209.998459	199.999777	199.999136
317	279.999145	279.998502	269.999821	269.998534	259.999823	259.998535	249.999823	249.998535	239.999823	239.998535	229.999823	229.998535	219.999823	219.998535	209.999823	209.998537	199.999855	199.999214
318	279.999217	279.998574	269.999892	269.998606	259.999894	259.998606	249.999894	249.998606	239.999894	239.998606	229.999894	229.998606	219.999894	219.998606	209.999895	209.998608	199.999926	199.999285
319	279.999282	279.998639	269.999957	269.998671	259.999959	259.998671	249.999959	249.998671	239.999959	239.998671	229.999959	229.998671	219.999959	219.998671	209.99996	209.998673	199.999991	199.99935
320	279.999341	279.998698	270.000016	269.99873	260.000019	259.99873	250.000019	249.99873	240.000019	239.99873	230.000019	229.99873	220.000019	219.99873	210.000019	209.998733	200.000051	199.99941
321	279.999395	279.998753	270.000071	269.998784	260.000073	259.998785	250.000073	249.998785	240.000073	239.998785	230.000073	229.998785	220.000073	219.998785	210.000073	209.998787	200.000105	199.999464
322	279.999445	279.998802	270.00012	269.998834	260.000123	259.998834	250.000123	249.998834	240.000123	239.998834	230.000123	229.998834	220.000123	219.998834	210.000123	209.998836	200.000155	199.999513
323	279.99949	279.998847	270.000165	269.998879	260.000168	259.998879	250.000168	249.998879	240.000168	239.998879	230.000168	229.998879	220.000168	219.998879	210.000168	209.998882	200.0002	199.999559
324	279.999532	279.998889	270.000207	269.99892	260.000209	259.998921	250.000209	249.998921	240.000209	239.998921	230.000209	229.998921	220.000209	219.998921	210.000209	209.998923	200.000241	199.9996
325	279.999569	279.998926	270.000245	269.998958	260.000247	259.998958	250.000247	249.998958	240.000247	239.998958	230.000247	229.998958	220.000247	219.998958	210.000247	209.998961	200.000279	199.999638
326	279.999604	279.998961	270.000279	269.998993	260.000281	259.998993	250.000281	249.998993	240.000281	239.998993	230.000281	229.998993	220.000281	219.998993	210.000282	209.998995	200.000313	199.999672
327	279.999635	279.998992	270.00031	269.999024	260.000313	259.999024	250.000313	249.999024	240.000313	239.999024	230.000313	229.999024	220.000313	219.999024	210.000313	209.999027	200.000345	199.999704
328	279.999664	279.999021	270.000339	269.999053	260.000341	259.999053	250.000342	249.999053	240.000342	239.999053	230.000342	229.999053	220.000342	219.999053	210.000342	209.999055	200.000374	199.999732
329	279.99969	279.999047	270.000365	269.999079	260.000368	259.999079	250.000368	249.999079	240.000368	239.999079	230.000368	229.999079	220.000368	219.999079	210.000368	209.999082	200.0004	199.999759
330	279.999714	279.999071	270.000389	269.999103	260.000392	259.999103	250.000392	249.999103	240.000392	239.999103	230.000392	229.999103	220.000392	219.999103	210.000392	209.999106	200.000424	199.999783
331	279.999736	279.999093	270.000411	269.999125	260.000414	259.999125	250.000414	249.999125	240.000414	239.999125	230.000414	229.999125	220.000414	219.999125	210.000414	209.999127	200.000446	199.999804
332	279.999756	279.999113	270.000431	269.999145	260.000433	259.999145	250.000433	249.999145	240.000433	239.999145	230.000433	229.999145	220.000434	219.999145	210.000434	209.999147	200.000466	199.999824
333	279.999774	279.999131	270.000449	269.999163	260.000452	259.999163	250.000452	249.999163	240.000452	239.999163	230.000452	229.999163	220.000452	219.999163	210.000452	209.999166	200.000484	199.999843
334	279.999791	279.999148	270.000466	269.99918	260.000468	259.99918	250.000468	249.99918	240.000468	239.99918	230.000468	229.99918	220.000468	219.99918	210.000469	209.999182	200.0005	199.999859
335	279.999806	279.999163	270.000481	269.999195	260.000484	259.999195	250.000484	249.999195	240.000484	239.999195	230.000484	229.999195	220.000484	219.999195	210.000484	209.999197	200.000516	199.999874
336	279.99982	279.999177	270.000495	269.999209	260.000497	259.999209	250.000497	249.999209	240.000497	239.999209	230.000497	229.999209	220.000497	219.999209	210.000498	209.999211	200.00053	199.999888
337	279.999833	279.99919	270.000508	269.999221	260.00051	259.999222	250.00051	249.999222	240.00051	239.999222	230.00051	229.999222	220.00051	219.999222	210.00051	209.999224	200.000542	199.999901
338	279.999844	279.999201	270.000519	269.999233	260.000522	259.999233	250.000522	249.999233	240.000522	239.999233	230.000522	229.999233	220.000522	219.999233	210.000522	209.999236	200.000554	199.999913
339	279.999855	279.999212	270.00053	269.999244	260.000532	259.999244	250.000532	249.999244	240.000532	239.999244	230.000532	229.999244	220.000532	219.999244	210.000532	209.999246	200.000564	199.999923
340	279.999864	279.999221	270.00054	269.999253	260.000542	259.999253	250.000542	249.999253	240.000542	239.999253	230.000542	229.999253	220.000542	219.999253	210.000542	209.999256	200.000574	199.999933
341	279.999873	279.99923	270.000548	269.999262	260.000551	259.999262	250.000551	249.999262	240.000551	239.999262	230.000551	229.999262	220.000551	219.999262	210.000551	209.999265	200.000583	199.999942
342	279.999881	279.999238	270.000556	269.99927	260.000559	259.99927	250.000559	249.99927	240.000559	239.99927	230.000559	229.99927	220.000559	219.99927	210.000559	209.999273	200.000591	199.99995
343	279.999889	279.999246	270.000564	269.999277	260.000566	259.999278	250.000566	249.999278	240.000566	239.999278	230.000566	229.999278	220.000566	219.999278	210.000566	209.99928	200.000598	199.999957
344	279.999895	279.999252	270.00057	269.999284	260.000573	259.999284	250.000573	249.999284	240.000573	239.999284	230.000573	229.999284	220.000573	219.999284	210.000573	209.999287	200.000605	199.999964
345	279.999901	279.999258	270.000577	269.99929	260.000579	259.99929	250.000579	249.99929	240.000579	239.99929	230.000579	229.99929	220.000579	219.99929	210.000579	209.999293	200.000611	199.99997
346	279.999907	279.999264	270.000582	269.999296	260.000585	259.999296	250.000585	249.999296	240.000585	239.999296	230.000585	229.999296	220.000585	219.999296	210.000585	209.999298	200.000617	199.999975
347	279.999912	279.999269	270.000587	269.999301	260.00059	259.999301	250.00059	249.999301	240.00059	239.999301	230.00059	229.999301	220.00059	219.999301	210.00059	209.999304	200.000622	199.999981
348	279.999917	279.999274	270.000592	269.999306	260.000594	259.999306	250.000594	249.999306	240.000594	239.999306	230.000594	229.999306	220.000594	219.999306	210.000595	209.999308	200.000626	199.999985
349	279.999921	279.999278	270.000596	269.99931	260.000599	259.99931	250.000599	249.99931	240.000599	239.99931	230.000599	229.99931	220.000599	219.99931	210.000599	209.999312	200.000631	199.999989
350	279.999925	279.999282	270.0006	269.999314	260.000602	259.999314	250.000602	249.999314	240.000602	239.999314	230.000602	229.999314	220.000602	219.999314	210.000603	209.999316	200.000635	199.999993
351	279.999928	279.999285	270.000604	269.999317	260.000606	259.999317	250.000606	249.999317	240.000606	239.999317	230.000606	229.999317	220.000606	219.999318	210.000606	209.99932	200.000638	199.999997
352	279.999932	279.999289	270.000607	269.999321	260.000609	259.999321	250.000609	249.999321	240.000609	239.999321	230.000609	229.999321	220.000609	219.999321	210.000609	209.999323	200.000641	200
353	279.999935	279.999292	270.00061	269.999324	260.000612	259.999324	250.000612	249.999324	240.000612	239.999324	230.000612	229.999324	220.000612	219.999324	210.000612	209.999326	200.000644	200.000003
354	279.999937	279.999294	270.000613	269.999326	260.000615	259.999326	250.000615	249.999326	240.000615	239.999326	230.000615	229.999326	220.000615	219.999326	210.000615	209.999329	200.000647	200.000006
355	279.99994	279.999297	270.000615	269.999329	260.000617	259.999329	250.000617	249.999329	240.000617	239.999329	230.000617	229.999329	220.000617	219.999329	210.000618	209.999331	200.000649	200.000008
356	279.999942	279.999299	270.000617	269.999331	260.00062	259.999331	250.00062	249.999331	240.00062	239.999331	230.00062	229.999331	220.00062	219.999331	210.00062	209.999333	200.000652	200.000011
357	279.999944	279.999301	270.000619	269.999333	260.000622	259.999333	250.000622	249.999333	240.000622	239.999333	230.000622	229.999333	220.000622	219.999333	210.000622	209.999336	200.000654	200.000013
358	279.999946	279.999303	270.000621	269.999335	260.000624	259.999335	250.000624	249.999335	240.000624	239.999335	230.000624	229.999335	220.000624	219.999335	210.000624	209.999337	200.000656	200.000014
359	279.999948	279.999305	270.000623	269.999337	260.000625	259.999337	250.000625	249.999337	240.000625	239.999337	230.000625	229.999337	220.000625	219.999337	210.000625	209.999339	200.000657	200.000016
360	279.999949	279.999306	270.000625	269.999338	260.000627	259.999338	250.000627	249.999338	240.000627	239.999338	230.000627	229.999338	220.000627	219.999338	210.000627	209.999341	200.000659	200.000018
361	279.999951	279.999308	270.000626	269.99934	260.000628	259.99934	250.000628	249.99934	240.000628	239.99934	230.000628	229.99934	220.000628	219.99934	210.000628	209.999342	200.00066	200.000019
362	279.999952	279.999309	270.000627	269.999341	260.00063	259.999341	250.00063	249.999341	240.00063	239.999341	230.00063	229.999341	220.00063	219.999341	210.00063	209.999343	200.000662	200.00002
363	279.999953	279.99931	270.000628	269.999342	260.000631	259.999342	250.000631	249.999342	240.000631	239.999342	230.000631	229.999342	220.000631	219.999342	210.000631	209.999345	200.000663	200.000022
364	279.999954	279.999311	270.00063	269.999343	260.000632	259.999343	250.000632	249.999343	240.000632	239.999343	230.000632	229.999343	220.000632	219.999343	210.000632	209.999346	200.000664	200.000023
365	279.999955	279.999312	270.000631	269.999344	260.000633	259.999344	250.000633	249.999344	240.000633	239.999344	230.000633	229.999344	220.000633	219.999344	210.000633	209.999347	200.000665	200.000024
366	279.999956	279.999313	270.000631	269.999345	260.000634	259.999345	250.000634	249.999345	240.000634	239.999345	230.000634	229.999345	220.000634	219.999345	210.000634	209.999348	200.000666	200.000025
367	279.999957	279.999314	270.000632	269.999346	260.000635	259.999346	250.000635	249.999346	240.000635	239.999346	230.000635	229.999346	220.000635	219.999346	210.000635	209.999348	200.000667	200.000026
368	279.999958	279.999315	270.000633	269.999347	260.000635	259.999347	250.000635	249.999347	240.000635	239.999347	230.000635	229.999347	220.000635	219.999347	210.000636	209.999349	200.000667	200.000026
369	279.999958	279.999316	270.000634	269.999347	260.000636	259.999348	250.000636	249.999348	240.000636	239.999348	230.000636	229.999348	220.000636	219.999348	210.000636	209.99935	200.000668	200.000027
370	279.999959	279.999316	270.000634	269.999348	260.000637	259.999348	250.000637	249.999348	240.000637	239.999348	230.000637	229.999348	220.000637	219.999348	210.000637	209.999351	200.000669	200.000028
371	279.99996	279.999317	270.000635	269.999349	260.000637	259.999349	250.000637	249.999349	240.000637	239.999349	230.000637	229.999349	220.000637	219.999349	210.000637	209.999351	200.000669	200.000028
372	279.99996	279.999317	270.000635	269.999349	260.000638	259.999349	250.000638	249.999349	240.000638	239.999349	230.000638	229.999349	220.000638	219.999349	210.000638	209.999352	200.00067	200.000029
373	279.999961	279.999318	270.000636	269.99935	260.000638	259.99935	250.000638	249.99935	240.000638	239.99935	230.000638	229.99935	220.000638	219.99935	210.000638	209.999352	200.00067	200.000029
374	279.999961	279.999318	270.000636	269.99935	260.000639	259.99935	250.000639	249.99935	240.000639	239.99935	230.000639	229.99935	220.000639	219.99935	210.000639	209.999353	200.000671	200.00003
375	279.999962	279.999319	270.000637	269.99935	260.000639	259.999351	250.000639	249.999351	240.000639	239.999351	230.000639	229.999351	220.000639	219.999351	210.000639	209.999353	200.000671	200.00003
376	279.999962	279.999319	270.000637	269.999351	260.000639	259.999351	250.00064	249.999351	240.00064	239.999351	230.00064	229.999351	220.00064	219.999351	210.00064	209.999353	200.000672	200.00003
377	279.999962	279.999319	270.000637	269.999351	260.00064	259.999351	250.00064	249.999351	240.00064	239.999351	230.00064	229.999351	220.00064	219.999351	210.00064	209.999354	200.000672	200.000031
378	279.999963	279.99932	270.000638	269.999351	260.00064	259.999352	250.00064	249.999352	240.00064	239.999352	230.00064	229.999352	220.00064	219.999352	210.00064	209.999354	200.000672	200.000031
379	279.999963	279.99932	270.000638	269.999352	260.00064	259.999352	250.00064	249.999352	240.00064	239.999352	230.00064	229.999352	220.00064	219.999352	210.000641	209.999354	200.000672	200.000031
380	279.999963	279.99932	270.000638	269.999352	260.000641	259.999352	250.000641	249.999352	240.000641	239.999352	230.000641	229.999352	220.000641	219.999352	210.000641	209.999355	200.000673	200.000032
381	279.999963	279.99932	270.000639	269.999352	260.000641	259.999352	250.000641	249.999352	240.000641	239.999352	230.000641	229.999352	220.000641	219.999352	210.000641	209.999355	200.000673	200.000032
382	279.999964	279.999321	270.000639	269.999352	260.000641	259.999353	250.000641	249.999353	240.000641	239.999353	230.000641	229.999353	220.000641	219.999353	210.000641	209.999355	200.000673	200.000032
383	279.999964	279.999321	270.000639	269.999353	260.000641	259.999353	250.000641	249.999353	240.000641	239.999353	230.000641	229.999353	220.000641	219.999353	210.000641	209.999355	200.000673	200.000032
384	279.999964	279.999321	270.000639	269.999353	260.000641	259.999353	250.000641	249.999353	240.000641	239.999353	230.000641	229.999353	220.000641	219.999353	210.000642	209.999355	200.000674	200.000032
385	279.999964	279.999321	270.000639	269.999353	260.000642	259.999353	250.000642	249.999353	240.000642	239.999353	230.000642	229.999353	220.000642	219.999353	210.000642	209.999355	200.000674	200.000033
386	279.999964	279.999321	270.000639	269.999353	260.000642	259.999353	250.000642	249.999353	240.000642	239.999353	230.000642	229.999353	220.000642	219.999353	210.000642	209.999356	200.000674	200.000033
387	279.999964	279.999321	270.00064	269.999353	260.000642	259.999353	250.000642	249.999353	240.000642	239.999353	230.000642	229.999353	220.000642	219.999353	210.000642	209.999356	200.000674	200.000033
388	279.999964	279.999321	270.00064	269.999353	260.000642	259.999354	250.000642	249.999354	240.000642	239.999354	230.000642	229.999354	220.000642	219.999354	210.000642	209.999356	200.000674	200.000033
389	279.999965	279.999322	270.00064	269.999353	260.000642	259.999354	250.000642	249.999354	240.000642	239.999354	230.000642	229.999354	220.000642	219.999354	210.000642	209.999356	200.000674	200.000033
390	279.999965	279.999322	270.00064	269.999354	260.000642	259.999354	250.000642	249.999354	240.000642	239.999354	230.000642	229.999354	220.000642	219.999354	210.000642	209.999356	200.000674	200.000033
391	279.999965	279.999322	270.00064	269.999354	260.000642	259.999354	250.000642	249.999354	240.000642	239.999354	230.000642	229.999354	220.000642	219.999354	210.000643	209.999356	200.000674	200.000033
392	279.999965	279.999322	270.00064	269.999354	260.000642	259.999354	250.000642	249.999354	240.000642	239.999354	230.000642	229.999354	220.000642	219.999354	210.000643	209.999356	200.000675	200.000033
393	279.999965	279.999322	270.00064	269.999354	260.000643	259.999354	250.000643	249.999354	240.000643	239.999354	230.000643	229.999354	220.000643	219.999354	210.000643	209.999356	200.000675	200.000033
394	279.999965	279.999322	270.00064	269.999354	260.000643	259.999354	250.000643	249.999354	240.000643	239.999354	230.000643	229.999354	220.000643	219.999354	210.000643	209.999356	200.000675	200.000033
395	279.999965	279.999322	270.00064	269.999354	260.000643	259.999354	250.000643	249.999354	240.000643	239.999354	230.000643	229.999354	220.000643	219.999354	210.000643	209.999357	200.000675	200.000034
396	279.999965	279.999322	270.00064	269.999354	260.000643	259.999354	250.000643	249.999354	240.000643	239.999354	230.000643	229.999354	220.000643	219.999354	210.000643	209.999357	200.000675	200.000034
397	279.999965	279.999322	270.00064	269.999354	260.000643	259.999354	250.000643	249.999354	240.000643	239.999354	230.000643	229.999354	220.000643	219.999354	210.000643	209.999357	200.000675	200.000034
398	279.999965	279.999322	270.00064	269.999354	260.000643	259.999354	250.000643	249.999354	240.000643	239.999354	230.000643	229.999354	220.000643	219.999354	210.000643	209.999357	200.000675	200.000034
399	279.999965	279.999322	270.000641	269.999354	260.000643	259.999354	250.000643	249.999354	240.000643	239.999354	230.000643	229.999354	220.000643	219.999354	210.000643	209.999357	200.000675	200.000034
400	279.999965	279.999322	270.000641	269.999354	260.000643	259.999354	250.000643	249.999354	240.000643	239.999354	230.000643	229.999354	220.000643	219.999354	210.000643	209.999357	200.000675	200.000034
