  1.5004000e+002  1.5003000e+002  1.4998000e+002  1.4995000e+002  1.4999000e+002  1.5003000e+002  1.4999000e+002  1.5002000e+002  1.5000000e+002  1.4998000e+002  1.4998000e+002  1.5002000e+002  1.4998000e+002  1.4998000e+002  1.4995000e+002  1.4996000e+002  1.4997000e+002  1.4995000e+002
  1.5316346e+002  1.5403910e+002  1.5370569e+002  1.5481290e+002  1.5417324e+002  1.5337676e+002  1.5313102e+002  1.5203514e+002  1.5287709e+002  1.5420930e+002  1.5338688e+002  1.5136739e+002  1.5218526e+002  1.5236278e+002  1.5173435e+002  1.5261348e+002  1.5166615e+002  1.5164912e+002
  1.6092228e+002  1.6010483e+002  1.6001246e+002  1.5930949e+002  1.5946681e+002  1.5902573e+002  1.6067066e+002  1.6208608e+002  1.5757125e+002  1.5641940e+002  1.5511342e+002  1.5750581e+002  1.5659284e+002  1.5534539e+002  1.5492352e+002  1.5369989e+002  1.5288922e+002  1.5464104e+002
  1.6739237e+002  1.6837861e+002  1.6650120e+002  1.6602122e+002  1.6244371e+002  1.6554815e+002  1.6094337e+002  1.5881674e+002  1.6447885e+002  1.6257205e+002  1.6176166e+002  1.5941222e+002  1.5742435e+002  1.6076243e+002  1.5600936e+002  1.5531001e+002  1.5734585e+002  1.5395412e+002
  1.7233159e+002  1.7221589e+002  1.7161782e+002  1.7063832e+002  1.7357690e+002  1.6845919e+002  1.7022961e+002  1.7309517e+002  1.6261617e+002  1.6736233e+002  1.6293888e+002  1.6422588e+002  1.6517943e+002  1.5984805e+002  1.5973661e+002  1.6187012e+002  1.5610672e+002  1.5849013e+002
  1.7890589e+002  1.7861650e+002  1.7543077e+002  1.7812731e+002  1.7146223e+002  1.7536820e+002  1.7277551e+002  1.6990150e+002  1.7662358e+002  1.7037625e+002  1.6639636e+002  1.6617018e+002  1.6230378e+002  1.6608905e+002  1.6045675e+002  1.5888394e+002  1.6081353e+002  1.5914164e+002
  1.8691221e+002  1.8586722e+002  1.8592425e+002  1.8377752e+002  1.8266991e+002  1.8211100e+002  1.7684124e+002  1.7856720e+002  1.7030730e+002  1.7776385e+002  1.7378877e+002  1.7371275e+002  1.7183365e+002  1.7044208e+002  1.6524648e+002  1.6682410e+002  1.6031408e+002  1.6173282e+002
  1.8795732e+002  1.9158508e+002  1.8405660e+002  1.8680313e+002  1.8541680e+002  1.8339840e+002  1.8451867e+002  1.8532423e+002  1.8670868e+002  1.7717841e+002  1.7240022e+002  1.7290924e+002  1.6837170e+002  1.6841910e+002  1.6612272e+002  1.6450046e+002  1.6566163e+002  1.6403843e+002
  2.0117390e+002  1.9694682e+002  1.9989754e+002  1.9656132e+002  1.9086571e+002  1.9336965e+002  1.8822476e+002  1.8333364e+002  1.7825639e+002  1.8948445e+002  1.7960859e+002  1.7947433e+002  1.7832769e+002  1.8049435e+002  1.6978190e+002  1.6867077e+002  1.6284720e+002  1.6658199e+002
  2.0089157e+002  2.0247380e+002  1.9538870e+002  1.9673894e+002  1.9771547e+002  1.9503930e+002  1.9191618e+002  1.9807496e+002  1.9403098e+002  1.8303963e+002  1.8274432e+002  1.8041639e+002  1.7616985e+002  1.7229272e+002  1.7086751e+002  1.7462880e+002  1.7225014e+002  1.6617667e+002
  2.1055578e+002  2.1194837e+002  2.0911535e+002  2.0835681e+002  2.0018745e+002  2.0180810e+002  1.9872298e+002  1.9465349e+002  1.9254150e+002  2.0150104e+002  1.8479515e+002  1.8853894e+002  1.8492801e+002  1.8770213e+002  1.7388020e+002  1.7048728e+002  1.6576813e+002  1.7217523e+002
  2.1658835e+002  2.1282636e+002  2.0910140e+002  2.1097536e+002  2.0764193e+002  2.0711916e+002  2.0133797e+002  2.0384372e+002  1.9562582e+002  1.8974350e+002  1.8947069e+002  1.8539832e+002  1.8232659e+002  1.8153892e+002  1.7659742e+002  1.7716701e+002  1.7342680e+002  1.6956014e+002
  2.2012258e+002  2.2481940e+002  2.1723368e+002  2.1573451e+002  2.1309782e+002  2.1387871e+002  2.1039060e+002  2.0778760e+002  2.0703888e+002  2.1186394e+002  1.9433243e+002  1.9860082e+002  1.9009298e+002  1.8832610e+002  1.7958651e+002  1.7879558e+002  1.7554743e+002  1.7478459e+002
  2.3106924e+002  2.2740433e+002  2.2474063e+002  2.2494241e+002  2.1656168e+002  2.1394764e+002  2.0951106e+002  2.1004394e+002  2.0263405e+002  1.9734672e+002  1.9606915e+002  1.9078424e+002  1.8971318e+002  1.9402902e+002  1.7944535e+002  1.8276251e+002  1.7321514e+002  1.7588751e+002
  2.2953909e+002  2.3143711e+002  2.2659586e+002  2.2758769e+002  2.2465047e+002  2.2678522e+002  2.1836306e+002  2.2173485e+002  2.1774146e+002  2.2208078e+002  2.0001158e+002  2.0550363e+002  1.9687889e+002  1.9131224e+002  1.8468296e+002  1.8105679e+002  1.8114689e+002  1.7985649e+002
  2.4512983e+002  2.4584786e+002  2.3443395e+002  2.3484209e+002  2.2664936e+002  2.2445023e+002  2.2290532e+002  2.1582363e+002  2.0875593e+002  2.0616693e+002  2.0416336e+002  2.0173850e+002  1.9738551e+002  2.0249636e+002  1.8576191e+002  1.8882971e+002  1.7658136e+002  1.7721992e+002
  2.4269185e+002  2.3969801e+002  2.4014358e+002  2.3887446e+002  2.3360397e+002  2.3869878e+002  2.2769047e+002  2.3515168e+002  2.2759688e+002  2.3105026e+002  2.0962118e+002  2.0784011e+002  2.0193639e+002  1.9682947e+002  1.8827566e+002  1.8751336e+002  1.8529507e+002  1.8549691e+002
  2.5460318e+002  2.5823723e+002  2.4629115e+002  2.4774457e+002  2.3972832e+002  2.3288342e+002  2.2963979e+002  2.2314259e+002  2.2088422e+002  2.1518788e+002  2.0900379e+002  2.1187179e+002  2.0476915e+002  2.0844839e+002  1.9190815e+002  1.9089773e+002  1.8125707e+002  1.8068372e+002
  2.5704397e+002  2.5467717e+002  2.5227264e+002  2.4883994e+002  2.4418913e+002  2.5043133e+002  2.4116306e+002  2.4562261e+002  2.3171260e+002  2.3831963e+002  2.1719860e+002  2.1568645e+002  2.0823774e+002  2.0670817e+002  1.9304035e+002  1.9459715e+002  1.8770479e+002  1.8989060e+002
  2.6709441e+002  2.6621869e+002  2.5497908e+002  2.5896863e+002  2.4956965e+002  2.4366806e+002  2.3655812e+002  2.3587724e+002  2.3431263e+002  2.2671722e+002  2.1906322e+002  2.1712058e+002  2.1047704e+002  2.0891214e+002  1.9660982e+002  1.9328312e+002  1.8785024e+002  1.8508134e+002
  2.6896578e+002  2.7162485e+002  2.6597923e+002  2.6191426e+002  2.5493138e+002  2.5904696e+002  2.5157725e+002  2.4962904e+002  2.3781708e+002  2.4481088e+002  2.2198478e+002  2.2402127e+002  2.1513625e+002  2.1919663e+002  1.9689944e+002  2.0178534e+002  1.9044051e+002  1.9137438e+002
  2.7828163e+002  2.7506910e+002  2.6486459e+002  2.6811434e+002  2.5885937e+002  2.5684924e+002  2.4701942e+002  2.4988086e+002  2.4428392e+002  2.3873592e+002  2.2584441e+002  2.2556573e+002  2.1654556e+002  2.1236583e+002  2.0168488e+002  1.9873999e+002  1.9313594e+002  1.9227031e+002
  2.8282152e+002  2.8446362e+002  2.7868014e+002  2.7737986e+002  2.6748229e+002  2.6737624e+002  2.6130545e+002  2.5785622e+002  2.4602264e+002  2.5075275e+002  2.3111567e+002  2.2934174e+002  2.2240827e+002  2.2676330e+002  2.0385110e+002  2.0405550e+002  1.9157436e+002  1.9418882e+002
  2.8783255e+002  2.8930003e+002  2.7547903e+002  2.7589470e+002  2.6961556e+002  2.7003318e+002  2.5864069e+002  2.5932101e+002  2.5485553e+002  2.4980105e+002  2.3209003e+002  2.3489164e+002  2.2368363e+002  2.1847706e+002  2.0353381e+002  2.0612227e+002  2.0061015e+002  1.9778589e+002
  2.9716694e+002  2.9415408e+002  2.9019589e+002  2.8823401e+002  2.7463485e+002  2.7537657e+002  2.6794205e+002  2.6934804e+002  2.5245039e+002  2.5789319e+002  2.3830048e+002  2.3512779e+002  2.2733708e+002  2.3217866e+002  2.1030274e+002  2.0544953e+002  1.9405095e+002  1.9584321e+002
  2.9971197e+002  3.0203038e+002  2.8576996e+002  2.8991918e+002  2.8324003e+002  2.8296612e+002  2.6826702e+002  2.6853871e+002  2.6430622e+002  2.5947600e+002  2.3887982e+002  2.4195580e+002  2.3012188e+002  2.2868069e+002  2.0844904e+002  2.1509358e+002  2.0463880e+002  2.0231124e+002
  3.0032966e+002  2.9912034e+002  2.9333468e+002  2.9041924e+002  2.7649684e+002  2.7585859e+002  2.7130288e+002  2.7051497e+002  2.5622113e+002  2.6217316e+002  2.4195931e+002  2.3925646e+002  2.3188932e+002  2.2987028e+002  2.1156735e+002  2.0516551e+002  1.9635917e+002  1.9916217e+002
  2.9841575e+002  3.0008823e+002  2.8923076e+002  2.8873528e+002  2.8429413e+002  2.8496389e+002  2.6884041e+002  2.6926675e+002  2.6323365e+002  2.5658143e+002  2.3864698e+002  2.3940589e+002  2.2697387e+002  2.3048810e+002  2.0811521e+002  2.1321955e+002  2.0163807e+002  1.9987027e+002
  3.0237178e+002  2.9986961e+002  2.8845589e+002  2.9066206e+002  2.7442081e+002  2.7577953e+002  2.7170370e+002  2.7115864e+002  2.5748849e+002  2.6327008e+002  2.3978544e+002  2.4220639e+002  2.3323801e+002  2.3012073e+002  2.1215027e+002  2.0899210e+002  1.9918810e+002  2.0055445e+002
  2.9678485e+002  2.9998185e+002  2.9156320e+002  2.9113794e+002  2.8521258e+002  2.8152839e+002  2.6817515e+002  2.6905204e+002  2.6275716e+002  2.5804677e+002  2.4063435e+002  2.3599575e+002  2.2599920e+002  2.2750857e+002  2.0858960e+002  2.0935115e+002  1.9980974e+002  1.9893166e+002
  3.0296069e+002  3.0029844e+002  2.8953264e+002  2.8892269e+002  2.7703550e+002  2.7982071e+002  2.7327095e+002  2.7021073e+002  2.5745344e+002  2.6110588e+002  2.4128188e+002  2.4562102e+002  2.3469865e+002  2.3384404e+002  2.0969934e+002  2.1192818e+002  2.0143934e+002  2.0076865e+002
  2.9899888e+002  2.9902880e+002  2.8973235e+002  2.9029631e+002  2.8124004e+002  2.7922699e+002  2.6597937e+002  2.6923291e+002  2.6187033e+002  2.5989973e+002  2.3701059e+002  2.3372475e+002  2.2573167e+002  2.2686550e+002  2.1104371e+002  2.0680894e+002  1.9917612e+002  2.0077337e+002
  3.0009350e+002  3.0052452e+002  2.9084833e+002  2.9045812e+002  2.7959640e+002  2.8192490e+002  2.7491275e+002  2.7127006e+002  2.5946411e+002  2.5867856e+002  2.4416406e+002  2.4546845e+002  2.3484510e+002  2.3231711e+002  2.1064964e+002  2.1367510e+002  1.9940119e+002  1.9882838e+002
  3.0110294e+002  2.9914148e+002  2.8794532e+002  2.8931529e+002  2.7872284e+002  2.7612350e+002  2.6500690e+002  2.6835273e+002  2.5962225e+002  2.6265319e+002  2.3358547e+002  2.3636322e+002  2.2504130e+002  2.2841873e+002  2.0759940e+002  2.0719947e+002  2.0030949e+002  2.0041443e+002
  2.9848402e+002  3.0115978e+002  2.9264166e+002  2.9076313e+002  2.8284226e+002  2.8646592e+002  2.7287309e+002  2.7112106e+002  2.6158619e+002  2.5710991e+002  2.4755564e+002  2.4118338e+002  2.3347403e+002  2.2997691e+002  2.1259205e+002  2.1122465e+002  2.0112419e+002  1.9973907e+002
  3.0059492e+002  2.9935035e+002  2.8792105e+002  2.8808508e+002  2.7620952e+002  2.7125391e+002  2.7023049e+002  2.6897558e+002  2.5601399e+002  2.6212446e+002  2.3339246e+002  2.4072560e+002  2.2751268e+002  2.3031179e+002  2.0790469e+002  2.0925450e+002  1.9866241e+002  2.0128470e+002
  2.9888636e+002  3.0083484e+002  2.9184659e+002  2.9199907e+002  2.8320263e+002  2.8800235e+002  2.6774737e+002  2.7180213e+002  2.6510663e+002  2.5781946e+002  2.4589537e+002  2.3917291e+002  2.3137978e+002  2.2992119e+002  2.1138296e+002  2.1178450e+002  2.0064410e+002  1.9840370e+002
  3.0050810e+002  2.9834530e+002  2.8742169e+002  2.8924240e+002  2.7757834e+002  2.7448868e+002  2.7261931e+002  2.6819405e+002  2.5363705e+002  2.6204123e+002  2.3271891e+002  2.3958232e+002  2.3031475e+002  2.2894400e+002  2.0847168e+002  2.0879001e+002  1.9945707e+002  2.0032237e+002
  3.0184821e+002  3.0291668e+002  2.9410197e+002  2.8960741e+002  2.8236250e+002  2.8347361e+002  2.6910095e+002  2.7148625e+002  2.6832875e+002  2.6071502e+002  2.4964852e+002  2.4024753e+002  2.2845337e+002  2.3326238e+002  2.1242653e+002  2.0987231e+002  2.0070644e+002  2.0039812e+002
  2.9739760e+002  2.9542020e+002  2.8473508e+002  2.9032174e+002  2.7887156e+002  2.7674003e+002  2.6959156e+002  2.6828274e+002  2.5036403e+002  2.5563780e+002  2.2907196e+002  2.3957256e+002  2.3290508e+002  2.2487550e+002  2.0849913e+002  2.0944663e+002  1.9836001e+002  1.9864636e+002
  3.0202687e+002  3.0381772e+002  2.9463607e+002  2.8981920e+002  2.8085925e+002  2.8302215e+002  2.7108314e+002  2.7319330e+002  2.7115312e+002  2.6702735e+002  2.5287577e+002  2.4265739e+002  2.2675674e+002  2.3458629e+002  2.1007222e+002  2.1182310e+002  2.0168553e+002  2.0374174e+002
  2.9944057e+002  2.9783924e+002  2.8802858e+002  2.9111102e+002  2.7877141e+002  2.7833414e+002  2.6762230e+002  2.6410290e+002  2.4750654e+002  2.5183871e+002  2.2393218e+002  2.3568261e+002  2.3209010e+002  2.2676362e+002  2.1085302e+002  2.0800934e+002  1.9966824e+002  1.9499595e+002
  2.9825400e+002  3.0033304e+002  2.9061790e+002  2.8760098e+002  2.8073981e+002  2.8186583e+002  2.7392968e+002  2.7838352e+002  2.7327572e+002  2.6955190e+002  2.5897381e+002  2.4391430e+002  2.2915230e+002  2.3172836e+002  2.0940968e+002  2.1046559e+002  2.0024086e+002  2.0428181e+002
  3.0379564e+002  3.0261929e+002  2.8945231e+002  2.9316010e+002  2.7919471e+002  2.7668465e+002  2.6475579e+002  2.6097351e+002  2.4523683e+002  2.4873351e+002  2.2000384e+002  2.3718786e+002  2.2901634e+002  2.2880158e+002  2.1007296e+002  2.1092576e+002  1.9931434e+002  1.9711023e+002
  2.9637123e+002  2.9627793e+002  2.9151211e+002  2.8692603e+002  2.8052429e+002  2.8478605e+002  2.7690999e+002  2.7877303e+002  2.7717982e+002  2.7271722e+002  2.5985933e+002  2.4145530e+002  2.3425786e+002  2.3205306e+002  2.0987670e+002  2.0964203e+002  2.0137712e+002  2.0248391e+002
  3.0155938e+002  3.0315771e+002  2.8837379e+002  2.9249466e+002  2.8021328e+002  2.7337181e+002  2.6147976e+002  2.6099284e+002  2.4281877e+002  2.4728643e+002  2.2045385e+002  2.3952477e+002  2.2469773e+002  2.2635755e+002  2.1105466e+002  2.1015910e+002  1.9743047e+002  1.9674251e+002
  2.9926336e+002  2.9689615e+002  2.9026626e+002  2.8875087e+002  2.8032328e+002  2.8724501e+002  2.8056139e+002  2.7960218e+002  2.7492855e+002  2.7217757e+002  2.5935843e+002  2.4128101e+002  2.3471531e+002  2.3569851e+002  2.0919799e+002  2.0867357e+002  2.0397509e+002  2.0266968e+002
  3.0100168e+002  3.0322572e+002  2.9207971e+002  2.9090981e+002  2.7954951e+002  2.7481690e+002  2.5980232e+002  2.5999407e+002  2.4819864e+002  2.4765441e+002  2.2135131e+002  2.3705574e+002  2.2703980e+002  2.2243417e+002  2.1050381e+002  2.1164070e+002  1.9654752e+002  1.9777186e+002
  2.9927736e+002  2.9791049e+002  2.8710210e+002  2.9070246e+002  2.8103441e+002  2.8193142e+002  2.7883970e+002  2.8052608e+002  2.7103893e+002  2.7188309e+002  2.5775009e+002  2.4296552e+002  2.3197882e+002  2.3805417e+002  2.0899856e+002  2.1010972e+002  2.0267871e+002  2.0153549e+002
  3.0085503e+002  3.0039693e+002  2.9348034e+002  2.8686716e+002  2.7945727e+002  2.7941797e+002  2.6188718e+002  2.6033156e+002  2.4750706e+002  2.5127482e+002  2.2485433e+002  2.3803507e+002  2.2742076e+002  2.2238696e+002  2.1029877e+002  2.0770319e+002  1.9877583e+002  2.0027754e+002
  2.9850912e+002  3.0043469e+002  2.8748998e+002  2.9301421e+002  2.7933328e+002  2.8049643e+002  2.7649160e+002  2.7597487e+002  2.7272209e+002  2.6495156e+002  2.5120927e+002  2.4144370e+002  2.3186146e+002  2.3592957e+002  2.1155328e+002  2.1272055e+002  1.9861894e+002  1.9765311e+002
