0	150	150	150	150	150	150	150	150	150	150	150	150	150	150	150	150	150	150
1	150.048618	150.048661	150.045333	150.045421	150.042092	150.04218	150.03885	150.038938	150.035608	150.035739	150.029083	150.029215	150.025884	150.026016	150.019359	150.019492	150.016162	150.016207
2	150.194777	150.194591	150.181976	150.181608	150.168991	150.168622	150.156005	150.155637	150.143018	150.142463	150.117233	150.116683	150.104062	150.103508	150.078277	150.077727	150.06511	150.064928
3	150.487802	150.486862	150.456217	150.454345	150.423697	150.421824	150.391176	150.389304	150.358652	150.35584	150.29455	150.291746	150.261091	150.258279	150.196989	150.194185	150.163537	150.162605
4	150.957655	150.955117	150.896342	150.891279	150.832498	150.827435	150.768654	150.763591	150.704803	150.697202	150.579653	150.572065	150.513271	150.50567	150.388121	150.380532	150.321752	150.319227
5	151.6171	151.611853	151.514533	151.504058	151.406725	151.396251	151.298918	151.288443	151.191098	151.175376	150.980736	150.965033	150.867675	150.851954	150.657313	150.641611	150.544278	150.53905
6	152.466062	152.456802	152.310917	152.292421	152.146511	152.128016	151.982105	151.96361	151.817674	151.78992	151.498148	151.470417	151.324457	151.296702	151.004931	150.9772	150.831289	150.822054
7	153.497079	153.482376	153.278659	153.24928	153.045517	153.016139	152.812375	152.782997	152.579187	152.535104	152.127671	152.083618	151.879762	151.835679	151.428246	151.384193	151.18043	151.165755
8	154.69914	154.67749	154.407555	154.364291	154.094274	154.051009	153.780993	153.737728	153.467629	153.402714	152.862845	152.797966	152.527784	152.46287	151.923001	151.858121	151.588105	151.56649
9	156.059912	156.02979	155.686129	155.625924	155.282125	155.221921	154.878122	154.817917	154.473981	154.383654	153.696332	153.606045	153.261971	153.171644	152.484321	152.394035	152.050237	152.020155
10	157.566929	157.526815	157.10274	157.022557	156.598263	156.518081	156.093787	156.013604	155.589091	155.468794	154.620644	154.500393	154.075662	153.955365	153.107214	152.986964	152.56267	152.522602
11	159.208171	159.156578	158.646144	158.54301	158.032245	157.92911	157.418345	157.315209	156.804112	156.649384	155.628517	155.47384	154.962412	154.807683	153.786816	153.632141	153.121376	153.069835
12	160.972329	160.90782	160.305746	160.176783	159.574226	159.445262	158.842705	158.71374	158.1107	157.917226	156.713078	156.519662	155.916138	155.722663	154.518515	154.325101	153.722544	153.658091
13	162.848905	162.770101	162.07169	161.914144	161.215053	161.057505	160.358414	160.200863	159.501092	159.264741	157.867918	157.631628	156.931177	156.694823	155.298	155.061715	154.362623	154.283881
14	164.82822	164.733813	163.934882	163.746134	162.946275	162.757523	161.957665	161.768909	160.968124	160.684965	159.087103	158.80401	158.002297	157.719134	156.121272	155.838187	155.038328	154.943987
15	166.901389	166.790141	165.886963	165.664537	164.760127	164.537695	163.633285	163.410847	162.505205	162.171525	160.365169	160.031558	159.124684	158.790999	156.984642	156.651043	155.746633	155.635455
16	169.060276	168.931024	167.92027	167.661838	166.649486	166.391045	165.378693	165.120244	164.106294	163.718601	161.697093	161.309472	160.293925	159.906223	157.884715	157.497112	156.484759	156.355579
17	171.297438	171.149091	170.027786	169.731168	168.607833	168.311202	167.187867	166.891223	165.765858	165.32088	163.078271	162.633368	161.505972	161.060982	158.818372	158.373494	157.250158	157.101887
18	173.606071	173.437613	172.203094	171.866254	170.629202	170.292345	169.055293	168.718418	167.478835	166.97352	164.50448	163.999241	162.757125	162.251792	159.782753	159.277548	158.040496	157.872114
19	175.979961	175.790446	174.440324	174.06137	172.708141	172.329162	170.975933	170.59693	169.240595	168.672102	165.971857	165.403438	164.043996	163.475479	160.775234	160.206864	158.853634	158.664194
20	178.413431	178.201982	176.734114	176.311287	174.839663	174.416804	172.945179	172.522288	171.046908	170.4126	167.476862	166.842626	165.363491	164.72915	161.793412	161.159241	159.687616	159.476239
21	180.901298	180.667101	179.079561	178.611234	177.019213	176.550843	174.958822	174.490409	172.893909	172.191341	169.01626	168.31376	166.712779	166.010168	162.835088	162.132673	160.540652	160.306522
22	183.438829	183.181131	181.472189	180.956855	179.24263	178.727241	177.013014	176.497571	174.778063	174.004977	170.587089	169.814065	168.089274	167.316133	163.898246	163.125332	161.411105	161.153469
23	186.0217	185.73981	183.907905	183.344176	181.506109	180.94231	179.104242	178.540372	176.696144	175.850455	172.186642	171.341004	169.490615	168.644855	164.981042	164.135545	162.297477	162.015639
24	188.645967	188.339245	186.382972	185.769567	183.806177	183.192684	181.229293	180.615711	178.645205	177.724989	173.81244	172.892264	170.914642	169.994337	166.08179	165.16179	163.198399	162.891717
25	191.308026	190.975884	188.893977	188.229716	186.139661	185.475291	183.385234	182.720754	180.622552	179.626039	175.462222	174.465734	172.359384	171.362761	167.198945	166.202676	164.11262	163.780502
26	194.004588	193.646485	191.437801	190.7216	188.503662	187.787327	185.569386	184.852918	182.625727	181.551289	177.133916	176.059484	173.82304	172.748468	168.331096	167.256932	165.038993	164.680896
27	196.732649	196.348089	194.011595	193.242458	190.895531	190.126232	187.779302	187.009842	184.652484	183.498624	178.82563	177.671755	175.303966	174.149945	169.476952	168.3234	165.976473	165.591897
28	199.489468	199.077995	196.612758	195.78977	193.312851	192.489669	190.012746	189.189371	186.700773	185.466117	180.535636	179.300939	176.80066	175.565811	170.635332	169.401022	166.924103	166.512588
29	202.272541	201.833737	199.238915	198.361236	195.753413	194.875505	192.267677	191.389539	188.768719	187.452007	182.262352	180.945569	178.31175	176.994809	171.805156	170.488831	167.881008	167.442134
30	205.079583	204.613066	201.887894	200.954755	198.215199	197.281791	194.542228	193.608552	190.854613	189.454689	184.004333	182.604304	179.835984	178.43579	172.985438	171.585946	168.84639	168.379768
31	207.908506	207.413926	204.557715	203.568411	200.696367	199.70675	196.834698	195.844769	192.956895	191.472698	185.76026	184.275921	181.372217	179.887708	174.175274	172.69156	169.819517	169.324794
32	210.757407	210.234443	207.246566	206.200453	203.195234	202.148759	199.143531	198.096695	195.074136	193.504697	187.528927	185.959303	182.919407	181.349606	175.373841	173.804939	170.799722	170.276573
33	213.624546	213.072905	209.952797	208.849283	205.710264	204.606336	201.467305	200.362963	197.205037	195.549467	189.30923	187.653429	184.476598	182.820614	176.580384	174.92541	171.786395	171.234521
34	216.508335	215.927749	212.674896	211.513441	208.240053	207.078126	203.804725	202.642326	199.348408	197.605894	191.100164	189.357368	186.042922	184.299937	177.794214	176.05236	172.778977	172.198107
35	219.407324	218.797548	215.411486	214.191595	210.78332	209.562895	206.154604	204.933646	201.503163	199.672962	192.900808	191.070268	187.617582	185.786847	179.014702	177.185228	173.776959	173.166844
36	222.320191	221.681002	218.161308	216.882528	213.338895	212.059515	208.515862	207.235882	203.668313	201.749743	194.710321	192.791352	189.199853	187.280684	180.241272	178.323503	174.779876	174.140287
37	225.245727	224.57692	220.923211	219.585131	215.905708	214.566956	210.887509	209.548086	205.842951	203.835392	196.527936	194.519912	190.789074	188.780843	181.473399	179.466717	175.787302	175.118029
38	228.182829	227.484217	223.696148	222.298389	218.482783	217.084277	213.268644	211.869391	208.026254	205.929135	198.35295	196.255297	192.384638	190.286773	182.710602	180.614443	176.798847	176.0997
39	231.13049	230.401904	226.479158	225.021375	221.06923	219.61062	215.658442	214.199005	210.217465	208.030268	200.184723	197.996918	193.985994	191.79797	183.952441	181.76629	177.814157	177.084961
40	234.087792	233.329075	229.271367	227.753246	223.664234	222.145201	218.056152	216.536207	212.415897	210.138147	202.022669	199.744232	195.592637	193.313976	185.198517	182.921903	178.832906	178.073502
41	237.053893	236.264905	232.071975	230.493227	226.267052	224.687304	220.461086	218.880336	214.620921	212.252184	203.866254	201.496746	197.204108	194.83437	186.448462	184.080956	179.854798	179.065039
42	240.028029	239.20864	234.880252	233.240616	228.877006	227.236275	222.872616	221.23079	216.831964	214.371843	205.714988	203.25401	198.819986	196.358771	187.701941	185.243151	180.879561	180.059314
43	243.0095	242.159593	237.695533	235.994767	231.493475	229.791517	225.29017	223.58702	219.048501	216.496634	207.568426	205.015611	200.439887	197.88683	188.958649	186.408218	181.906948	181.056091
44	245.997667	245.117134	240.517207	238.755094	234.115894	232.352487	227.713224	225.948522	221.270054	218.626112	209.42616	206.781173	202.063462	199.418227	190.218306	187.575907	182.936733	182.055154
45	248.991948	248.080691	243.344721	241.52106	236.743746	234.918685	230.141301	228.31484	223.496186	220.759867	211.287817	208.550353	203.69039	200.952672	191.480657	188.745992	183.968708	183.056305
46	251.991809	251.049739	246.177565	244.292175	239.376559	237.489658	232.573963	230.685553	225.7265	222.897527	213.153057	210.322837	205.32038	202.489899	192.745469	189.918267	185.002684	184.059365
47	254.996766	254.023801	249.015278	247.067991	242.013902	240.064991	235.010814	233.06028	227.96063	225.038753	215.02157	212.098338	206.953165	204.029667	194.012528	191.092541	186.038489	185.064168
48	258.006374	257.002441	251.857435	249.848101	244.655381	242.644305	237.451489	235.438673	230.198246	227.183234	216.893072	213.876595	208.588502	205.571753	195.281639	192.268642	187.075965	186.070564
49	261.020229	259.98526	254.703651	252.63213	247.300638	245.227254	239.895655	237.820411	232.439042	229.330687	218.767304	215.657369	210.226169	207.115956	196.552626	193.446412	188.114967	187.078416
50	263.989343	262.923233	257.50824	255.374317	249.907252	247.771342	242.30416	240.166267	234.647135	231.445114	220.614946	217.411225	211.840079	208.636076	197.805967	194.606216	189.139202	188.071391
51	266.864454	265.76742	260.224902	258.029008	252.432208	250.234199	244.637272	242.437152	236.786077	233.491033	222.405797	219.108929	213.403637	210.106484	199.021312	195.728668	190.131926	189.033067
52	269.595932	268.468447	262.807055	260.550132	254.832233	252.573064	246.855026	244.593615	238.819216	235.432561	224.109561	220.720954	214.890117	211.501223	200.178293	196.794171	191.076335	189.946897
53	272.153531	270.996393	265.226146	262.909784	257.080789	254.762048	248.932901	246.611785	240.724049	237.248168	225.707438	222.229474	216.283065	212.804813	201.26416	197.790947	191.96202	190.802798
54	274.524231	273.338509	267.469747	265.09608	259.166316	256.790134	250.860206	248.481513	242.490755	238.928848	227.19107	223.626943	217.575267	214.010852	202.273157	198.714054	192.784366	191.596423
55	276.707873	275.494831	269.537506	267.109063	261.088475	258.657378	252.636612	250.202865	244.119022	240.47488	228.559956	224.913457	218.76644	215.119653	203.204818	199.56362	193.543115	192.327715
56	278.711703	277.472739	271.436055	268.955626	262.853413	260.370188	254.267783	251.781767	245.614034	241.891842	229.818177	226.093487	219.860322	216.135344	204.061775	200.34267	194.240546	192.999083
57	280.54654	279.283123	273.17541	270.645931	264.470426	261.938007	255.762295	253.226942	246.983653	243.187813	230.972068	227.173589	220.862612	217.063843	204.848201	201.055593	194.880184	193.614125
58	282.224536	280.938164	274.766878	272.191344	265.950011	263.37139	257.129836	254.548134	248.236763	244.371765	232.028854	228.16107	221.779764	217.911691	205.568891	201.707271	195.466042	194.176883
59	283.757995	282.45016	276.221944	273.603336	267.302832	264.680989	258.380248	255.755177	249.382394	245.452711	232.995915	229.063299	222.618349	218.685444	206.228766	202.30261	196.002218	194.691448
60	285.158789	283.830954	277.551708	274.892951	268.5392	265.877057	259.523053	256.857531	250.429284	246.439301	233.880421	229.887356	223.384731	219.391377	206.832624	202.846319	196.492687	195.161768
61	286.438089	285.09167	278.766638	276.070562	269.668837	266.969222	260.567228	257.864083	251.385673	247.339634	234.689158	230.639886	224.084918	220.035358	207.385017	203.342808	196.941211	195.591557
62	287.606272	286.242626	279.876471	277.145788	270.700788	267.966413	261.521126	258.783068	252.259231	248.161205	235.428456	231.327045	224.724507	220.622807	207.890201	203.79616	197.351295	195.984262
63	288.672901	287.29332	280.890191	278.127483	271.643401	268.876846	262.392459	259.622067	253.05704	248.910898	236.104174	231.954494	225.308666	221.158696	208.352125	204.210123	197.726185	196.343063
64	289.646759	288.252464	281.816059	279.023768	272.504351	269.708056	263.188318	260.38803	253.78561	249.595014	236.721712	232.527422	225.842151	221.647573	208.774433	204.588132	198.068869	196.670878
65	290.535889	289.128028	282.661649	279.84207	273.290677	270.466937	263.915203	261.087314	254.450914	250.219306	237.28603	233.050573	226.329328	222.093583	209.160477	204.933323	198.382092	196.970379
66	291.347647	289.927295	283.433895	280.589179	274.00882	271.159787	264.579068	261.725729	255.058419	250.789027	237.801678	233.528281	226.774193	222.500508	209.513339	205.248558	198.66837	197.244012
67	292.088757	290.65692	284.139139	281.271296	274.664677	271.792358	265.18536	262.308578	255.61313	251.308966	238.272828	233.964502	227.180405	222.871793	209.835844	205.536449	198.930011	197.494011
68	292.765363	291.322975	284.783182	281.89408	275.263636	272.369901	265.739059	262.840706	256.11962	251.783489	238.703297	234.362848	227.551312	223.210577	210.130584	205.799379	199.169127	197.722419
69	293.383075	291.931003	285.371323	282.462698	275.810625	272.897211	266.244719	263.32653	256.582073	252.216579	239.096581	234.726614	227.889974	223.51972	210.399932	206.039521	199.387649	197.931102
70	293.947018	292.486066	285.908408	282.981868	276.310146	273.378661	266.7065	263.770086	257.004309	252.611864	239.455879	235.058806	228.199186	223.801828	210.646063	206.258857	199.587346	198.121765
71	294.461869	292.992781	286.398861	283.455895	276.766313	273.818246	267.128205	264.175054	257.38982	252.972655	239.784116	235.362171	228.481506	224.059275	210.870966	206.459196	199.769836	198.295965
72	294.931903	293.455364	286.846727	283.888706	277.182884	274.219609	267.513306	264.544795	257.741796	253.301972	240.083969	235.639213	228.739268	224.294227	211.076464	206.642188	199.936597	198.455124
73	295.361018	293.87766	287.255699	284.28389	277.563292	274.586077	267.864978	264.882377	258.06315	253.602566	240.357884	235.892218	228.974606	224.508655	211.264224	206.809339	200.088984	198.600542
74	295.752776	294.263181	287.629152	284.644719	277.910674	274.920686	268.186119	265.190597	258.356544	253.87695	240.608098	236.123275	229.189468	224.70436	211.43577	206.962024	200.228232	198.733405
75	296.11043	294.615132	287.970167	284.974183	278.227895	275.226209	268.479377	265.472012	258.624409	254.127413	240.836658	236.334288	229.385634	224.88298	211.592498	207.101498	200.355473	198.854798
76	296.436947	294.936437	288.28156	285.27501	278.517572	275.505176	268.747172	265.728954	258.868963	254.356045	241.045433	236.526998	229.56473	225.046012	211.735684	207.228904	200.471741	198.965712
77	296.735039	295.229767	288.565902	285.54969	278.782095	275.759896	268.991713	265.963553	259.092236	254.564753	241.236132	236.702993	229.728241	225.19482	211.866493	207.34529	200.577981	199.067052
78	297.007178	295.497559	288.825541	285.800497	279.023647	275.992478	269.215019	266.177751	259.296077	254.755275	241.410316	236.863723	229.877522	225.330647	211.985994	207.45161	200.675056	199.159643
79	297.255626	295.742037	289.062622	286.029506	279.244221	276.204846	269.418931	266.373325	259.482177	254.929199	241.569414	237.010513	230.013812	225.454629	212.095161	207.548735	200.763757	199.244243
80	297.482443	295.965232	289.279105	286.238614	279.44564	276.39876	269.605133	266.551892	259.65208	255.087973	241.71473	237.144572	230.13824	225.567801	212.194885	207.637462	200.844806	199.32154
81	297.689514	296.168997	289.476776	286.429549	279.629565	276.575821	269.775164	266.714934	259.807195	255.232918	241.847457	237.267004	230.25184	225.671107	212.285983	207.718516	200.918861	199.392165
82	297.878557	296.355024	289.657272	286.603892	279.797516	276.737497	269.930426	266.8638	259.948809	255.365241	241.968682	237.378817	230.355552	225.765408	212.369198	207.792563	200.986527	199.456695
83	298.051142	296.524859	289.822082	286.763085	279.950879	276.885124	270.072202	266.999722	260.078096	255.486041	242.079402	237.480933	230.450239	225.851491	212.445212	207.860208	201.048353	199.515654
84	298.208701	296.67991	289.97257	286.908444	280.090922	277.019923	270.201663	267.123826	260.19613	255.596323	242.180526	237.574192	230.536685	225.930073	212.514647	207.922005	201.104845	199.569525
85	298.352543	296.821466	290.109981	287.041172	280.218801	277.143009	270.319879	267.237141	260.303891	255.697003	242.272884	237.659363	230.615608	226.001809	212.578071	207.97846	201.15646	199.618746
86	298.483862	296.9507	290.235449	287.162367	280.335571	277.255401	270.427825	267.340603	260.402271	255.788919	242.357236	237.737146	230.687662	226.067296	212.636004	208.030035	201.203622	199.663719
87	298.603748	297.068687	290.350013	287.273031	280.442199	277.358027	270.526394	267.43507	260.492088	255.872834	242.434275	237.808183	230.753446	226.127079	212.688921	208.077152	201.246713	199.704811
88	298.713197	297.176404	290.454619	287.374079	280.539565	277.451736	270.616401	267.521324	260.574088	255.949445	242.504634	237.873059	230.813506	226.181655	212.737256	208.120196	201.286084	199.742356
89	298.813117	297.274747	290.550134	287.466347	280.628473	277.537303	270.698588	267.600078	260.64895	256.019389	242.568893	237.932307	230.868339	226.231478	212.781404	208.159519	201.322058	199.77666
90	298.904338	297.36453	290.637348	287.550598	280.709658	277.615436	270.773636	267.671986	260.717296	256.083245	242.627579	237.986415	230.9184	226.276964	212.821729	208.195444	201.354926	199.808004
91	298.987617	297.4465	290.71698	287.627528	280.78379	277.68678	270.842163	267.737642	260.779693	256.141544	242.681175	238.03583	230.964106	226.318489	212.858561	208.228263	201.384957	199.836643
92	299.063646	297.521336	290.789691	287.697774	280.851483	277.751926	270.904737	267.797589	260.836659	256.19477	242.730123	238.080959	231.005834	226.356399	212.892203	208.258245	201.412396	199.86281
93	299.133055	297.58966	290.856082	287.761916	280.913295	277.811412	270.961875	267.852325	260.888667	256.243364	242.774825	238.122172	231.043932	226.391008	212.92293	208.285636	201.437466	199.886718
94	299.196422	297.652037	290.916702	287.820485	280.969737	277.86573	271.014049	267.902301	260.936149	256.28773	242.81565	238.159811	231.078715	226.422606	212.950994	208.31066	201.460372	199.908563
95	299.254272	297.708986	290.972053	287.873964	281.021277	277.915328	271.06169	267.947933	260.979497	256.328236	242.852933	238.194183	231.110472	226.451453	212.976628	208.33352	201.4813	199.928523
96	299.307086	297.760979	291.022592	287.922797	281.068339	277.960618	271.105191	267.989597	261.019073	256.365218	242.886982	238.225574	231.139466	226.477789	213.00004	208.354404	201.500422	199.94676
97	299.355302	297.808448	291.068738	287.967387	281.111312	278.001972	271.144913	268.027638	261.055205	256.398983	242.918077	238.254241	231.165938	226.501834	213.021423	208.373483	201.517893	199.963423
98	299.399321	297.851785	291.110873	288.008103	281.150553	278.039734	271.181184	268.062373	261.088192	256.42981	242.946474	238.280421	231.190107	226.523786	213.040953	208.390913	201.533856	199.978648
99	299.439507	297.891352	291.149345	288.045281	281.186384	278.074215	271.214304	268.094087	261.118308	256.457955	242.972408	238.30433	231.212173	226.543829	213.058791	208.406837	201.54844	199.992558
100	299.428548	297.879829	291.136826	288.031581	281.171456	278.058054	271.196899	268.075397	261.098158	256.435964	242.951663	238.281692	231.187851	226.517615	213.033832	208.380089	201.520472	199.963975
101	299.318804	297.769572	291.025663	287.919342	281.058095	277.943567	271.081276	267.958599	260.980024	256.316415	242.83938	238.167943	231.072558	226.40086	212.92435	208.269238	201.408508	199.851449
102	299.062217	297.512516	290.767783	287.660481	280.798211	277.682653	270.819326	267.695574	260.715778	256.051411	242.590374	237.918129	230.821333	226.148832	212.688327	208.0325	201.170755	199.613183
103	298.629674	297.079548	290.334064	287.225867	280.362663	277.246166	270.381891	267.257157	260.276246	255.612079	242.177085	237.504994	230.406908	225.734565	212.300111	207.644524	200.781854	199.223814
104	298.008897	296.458384	289.712217	286.603204	279.739147	276.621793	269.756652	266.63102	259.649093	254.986333	241.587724	236.916995	229.817736	225.146763	211.748698	207.094556	200.231047	198.672579
105	297.200169	295.649302	288.902514	285.792758	278.927923	275.809785	268.943854	265.817401	258.83455	254.174586	240.822298	236.154323	229.054002	224.385787	211.03405	206.382738	199.518468	197.95961
106	296.210992	294.659804	287.91245	284.802016	277.93647	274.817617	267.950965	264.82376	257.840075	253.18441	239.887626	235.223909	228.122637	223.458686	210.162459	205.515477	198.650524	197.091309
107	295.05233	293.50085	286.752981	283.641928	276.775734	273.656228	266.788916	263.661025	256.676593	252.026789	238.793817	234.135921	227.03381	222.375688	209.143278	204.502186	197.636626	196.077086
108	293.736423	292.184676	285.436339	282.324722	275.457937	272.337834	265.46992	262.341401	255.356309	250.713944	237.552217	232.901725	225.798889	221.148177	207.987018	203.353393	196.4873	194.927463
109	292.27563	290.723641	283.974877	280.862746	273.99542	270.874773	264.006308	260.877215	253.891549	249.258189	236.17432	231.532798	224.429359	219.787623	206.704327	202.079731	195.213183	193.653075
110	290.681857	289.129648	282.380496	279.267896	272.400078	269.278933	262.409966	259.280348	252.294195	247.671365	234.671225	230.040202	222.936287	218.305056	205.305494	200.691452	193.824526	192.264172
111	288.966304	287.413893	280.664388	277.551361	270.683093	267.561494	260.692067	257.56197	250.57542	245.964592	233.053391	228.43434	221.330085	216.710831	203.800213	199.198195	192.330972	190.770392
112	287.139364	285.58677	278.836943	275.723527	268.854848	265.732834	258.862988	255.732454	248.745596	244.148179	231.330539	226.724869	219.620416	215.014551	202.197498	197.608909	190.741474	189.180688
113	285.210618	283.657858	276.907738	273.793966	266.924913	263.80252	256.932291	253.801357	246.814285	242.231614	229.511641	224.920692	217.816189	213.22505	200.50567	195.931844	189.064281	187.503309
114	283.18886	281.635949	274.885562	271.771466	264.902071	261.779333	254.908754	251.777455	244.790264	240.223599	227.604945	223.029977	215.925583	211.350432	198.732375	194.174572	187.306969	185.745827
115	281.082145	279.529096	272.778466	269.664075	262.794368	259.671313	252.800415	249.668783	242.68157	238.132095	225.618009	221.06021	213.956087	209.39811	196.884625	192.344027	185.476475	183.915178
116	278.897839	277.344665	270.593814	267.479154	260.609161	257.485819	250.614628	247.482694	240.495555	235.964378	223.557756	219.018235	211.91455	207.374858	194.96884	190.446553	183.579143	182.017708
117	276.642677	275.089388	268.338337	265.223431	258.353178	255.229572	248.358115	245.225905	238.238939	233.727093	221.430517	216.91031	209.807234	205.286862	192.990893	188.487949	181.620775	180.059213
118	274.32281	272.769417	266.018182	262.903053	256.032563	252.908717	246.037016	242.904556	235.917862	231.426306	219.242082	214.742151	207.639859	203.139769	190.956156	186.473514	179.606668	178.044994
119	271.943858	270.39037	263.638969	260.523635	253.652929	250.528863	243.656939	240.524254	233.537929	229.067555	216.997743	212.518982	205.417649	200.938735	188.869537	184.408086	177.541664	175.979888
120	269.510952	267.957378	261.205825	258.090305	251.219402	248.095135	241.223008	238.090119	231.104261	226.655893	214.702336	210.245572	203.145374	198.688463	186.735523	182.296088	175.430181	173.868316
121	267.02878	265.475128	258.723437	255.607747	248.736663	245.612214	238.739901	235.606828	228.621533	224.195933	212.360281	207.926279	200.82739	196.393248	184.558216	180.141556	173.276257	171.714314
122	264.501622	262.947898	256.196081	253.080237	246.208988	243.084371	236.211889	233.078652	226.094015	221.691885	209.975616	205.565081	198.467676	194.057008	182.341361	177.948177	171.083578	169.521567
123	261.933385	260.379596	253.627664	250.511679	243.64028	240.515511	233.642874	230.50949	223.525604	219.147591	207.55203	203.165614	196.069862	191.683318	180.088381	175.719321	168.85551	167.293441
124	259.327638	257.77379	251.021754	247.90564	241.034104	237.909195	231.036417	227.902904	220.919858	216.566559	205.092893	200.731195	193.637263	189.275444	177.802405	173.458063	166.595128	165.03301
125	256.68764	255.133738	248.381607	245.265376	238.393715	235.268679	228.395771	225.262146	218.280027	213.951988	202.601284	198.264855	191.172907	186.836363	175.486289	171.167211	164.305236	162.74308
126	254.016366	252.462415	245.710197	242.59386	235.722085	232.596932	225.723907	222.590184	215.609078	211.306801	200.080018	195.769364	188.679558	184.368796	173.142644	168.849332	161.9884	160.426213
127	251.316534	249.762539	243.010242	239.893807	233.021927	229.896669	223.023536	219.88973	212.909718	208.633665	197.531662	193.24725	186.159738	181.875223	170.773854	166.506769	159.646958	158.08475
128	248.590625	247.036589	240.28422	237.167696	230.295722	227.170366	220.297135	217.163259	210.18442	205.935013	194.958565	190.700821	183.615751	179.35791	168.382098	164.141661	157.283048	155.720827
129	245.840903	244.28683	237.534396	234.417791	227.54573	224.420286	217.546965	214.413033	207.435442	203.213067	192.362871	188.132186	181.049701	176.818925	165.969365	161.755963	154.898621	153.336396
130	243.069438	241.515332	234.762838	231.64616	224.774019	221.648494	214.775092	211.641116	204.664844	200.469857	189.746538	185.543271	178.463506	174.260155	163.537474	159.35146	152.495459	150.933237
131	240.278119	238.723982	231.971434	228.854688	221.982476	218.856877	211.983401	208.849392	201.874508	197.707232	187.111354	182.935835	175.85892	171.683322	161.088084	156.929783	150.075189	148.512978
132	237.468671	235.914506	229.161908	226.045101	219.172823	216.047157	209.173613	206.039583	199.066152	194.926884	184.458955	180.311484	173.237543	169.09	158.622713	154.492419	147.639297	146.077105
133	234.642668	233.088478	226.335835	223.218972	216.346633	213.220906	206.3473	203.21326	196.241344	192.130355	181.790833	177.671686	170.600836	166.481624	156.142745	152.04073	145.18914	143.626973
134	231.801549	230.247336	223.494652	220.377738	213.505344	210.379561	203.505899	200.371859	193.401516	189.319053	179.108351	175.017781	167.950134	163.859504	153.649446	149.575957	142.725955	141.163822
135	228.946627	227.392393	220.639672	217.522711	210.650267	207.524433	200.65072	197.516689	190.547975	186.494265	176.412754	172.350992	165.286653	161.224838	151.143971	147.099234	140.250875	138.688781
136	226.079101	224.524848	217.772093	214.65509	207.7826	204.656719	197.78296	194.648948	187.681914	183.657164	173.705179	169.672436	162.611506	158.578716	148.627377	144.611598	137.764933	136.202886
137	223.200067	221.645796	214.89301	211.775968	204.903437	201.777513	194.903712	191.769728	184.804423	180.808821	170.986665	166.983135	159.925707	155.922136	146.100627	142.113995	135.269071	133.707077
138	220.310523	218.756236	212.003422	208.886346	202.013776	198.887813	192.013974	188.880026	181.916497	177.950215	168.258161	164.284021	157.230184	153.256008	143.564603	139.607288	132.764151	131.202216
139	217.411384	215.857082	209.104242	205.987134	199.114529	195.988531	189.114658	185.980754	179.019044	175.082239	165.520534	161.575945	154.525782	150.581163	141.020107	137.092267	130.250959	128.68909
140	214.503482	212.949167	206.196304	203.079166	196.20653	193.080499	186.206595	183.072743	176.112893	172.205709	162.774574	158.859684	151.813273	147.89836	138.467876	134.569653	127.730215	126.168417
141	211.587578	210.033252	203.280367	200.163203	193.290538	190.164477	183.290546	180.156753	173.198801	169.321367	160.021005	156.135949	149.093363	145.20829	135.908579	132.040105	125.202573	123.640852
142	208.664369	207.110032	200.357128	197.239939	190.367248	187.24116	180.367204	177.233477	170.277458	166.429895	157.260486	153.405387	146.366696	142.511587	133.34283	129.504223	122.668632	121.106994
143	205.734489	204.180141	197.42722	194.310009	187.437293	184.31118	177.437203	174.303548	167.349496	163.531911	154.493621	150.668593	143.63386	139.808826	130.771189	126.962557	120.12894	118.567389
144	202.798517	201.24416	194.491223	191.373991	184.501254	181.375118	174.501121	171.367546	164.415491	160.627984	151.72096	147.926105	140.89539	137.100536	128.194166	124.415608	117.583995	116.022537
145	199.856982	198.302617	191.549665	188.432415	181.559658	178.433502	171.559488	168.425997	161.475969	157.71863	148.943006	145.178419	138.151778	134.387197	125.612228	121.863835	115.034255	113.472894
146	196.910368	195.355996	188.60303	185.485764	178.612988	175.486813	168.612784	165.479383	158.531409	154.80432	146.160219	142.425985	135.40347	131.669249	123.025802	119.307655	112.480134	110.918875
147	193.959116	192.404737	185.65176	182.534478	175.661685	172.535493	165.661451	162.528146	155.58225	151.885486	143.373016	139.669215	132.650874	128.947092	120.435277	116.747451	109.922014	108.360861
148	191.00363	189.449244	182.696255	179.578959	172.706151	169.579944	162.70589	159.572687	152.628892	148.962522	140.581783	136.908485	129.894364	126.221092	117.841009	114.183572	107.360242	105.799199
149	188.044276	186.489884	179.736886	176.619577	169.746755	166.620534	159.74647	156.613372	149.671701	146.035786	137.786868	134.14414	127.134281	123.491584	115.243322	111.616337	104.795134	103.234206
150	185.129037	183.574641	176.821633	173.704312	166.831478	163.705243	156.831172	153.698184	146.758656	143.153295	135.033019	131.420964	124.415403	120.803384	112.683764	109.087331	102.268275	100.707465
151	182.306165	180.751763	173.998747	170.881416	164.00857	160.882324	154.008246	150.875372	143.938005	140.362984	132.365583	128.78399	121.782764	118.20121	110.204466	106.63837	99.8214787	98.2607906
152	179.624276	178.069871	171.316847	168.199506	161.32665	158.200393	151.326309	148.193554	141.258365	137.713216	129.83019	126.278597	119.281737	115.730185	107.847816	104.311591	97.4968813	95.9363183
153	177.112993	175.558584	168.805553	165.688203	158.815337	155.68907	148.814983	145.68235	138.749353	135.233291	127.454804	123.93243	116.939965	113.417633	105.639803	102.132666	95.320152	93.7597171
154	174.785058	173.230645	166.477608	163.36025	156.487375	153.361099	146.487009	143.354502	136.423709	132.935686	125.251588	121.757386	114.769339	111.27518	103.591739	100.112641	93.3023342	91.7420307
155	172.640614	171.086198	164.333155	161.21579	154.342907	151.216623	144.342531	141.210153	134.281573	130.820345	123.220871	119.753602	112.769987	109.302761	101.703946	98.2516435	91.4435511	89.8833818
156	170.672546	169.118128	162.365079	159.247708	152.374817	149.248526	142.374433	139.242188	132.315823	128.88002	121.356145	117.91444	110.935264	107.493603	99.9703865	96.5435099	89.7376353	88.1776029
157	168.870246	167.315824	160.562771	157.445394	150.572497	147.446199	140.572106	137.439996	130.515844	127.104025	119.647584	116.230004	109.255261	105.837725	98.3819432	94.9790503	88.1753912	86.6154981
158	167.221796	165.667372	158.914314	155.796931	148.924028	145.797724	138.923633	135.791661	128.869713	125.480408	118.084098	114.689176	107.718849	104.323972	96.9283213	93.5479425	86.7464904	85.1867391
159	165.715132	164.160706	157.407644	154.290256	147.417347	144.291038	137.416948	134.285117	127.36536	123.997103	116.65443	113.280703	106.314762	102.94108	95.5990663	92.2397373	85.4404769	83.8808696
160	164.338617	162.784189	156.031124	152.913731	146.040817	142.914503	136.040416	132.908728	125.991138	122.642496	115.347696	111.993731	105.03213	101.678211	94.3840696	91.0443555	84.2472645	82.6878031
161	163.0813	161.52687	154.773801	151.656404	144.783486	141.657167	134.783084	131.65154	124.736089	121.405672	114.153633	110.818043	103.860724	100.52518	93.2738004	89.9523123	83.1573612	81.5980475
162	161.93301	160.378578	153.625506	150.508106	143.635183	140.50886	133.634781	130.503384	123.590035	120.276512	113.062701	109.744155	102.791045	99.4725455	92.2593937	88.9548	82.1619525	80.602788
163	160.884371	159.329938	152.576864	149.45946	142.586533	139.460207	132.586132	129.454884	122.543593	119.245699	112.066089	108.763323	101.814335	98.5116155	91.3326656	88.0436999	81.2529129	79.6938991
164	159.926778	158.372343	151.619267	148.501859	141.628929	138.5026	131.62853	128.497431	121.588151	118.304687	111.155702	107.867519	100.922555	97.6344189	90.4860937	87.2115585	80.422783	78.8639208
165	159.052347	157.497911	150.744832	147.627421	140.754488	137.628156	130.754092	127.623144	120.71582	117.445659	110.324116	107.04939	100.108342	96.833663	89.7127799	86.4515488	79.6647304	78.1060206
166	158.253866	156.699429	149.946348	146.828935	139.955999	136.829663	129.955606	126.824809	119.919382	116.66147	109.564534	106.302211	99.3649595	96.1026836	89.0064081	85.7574259	78.9725055	77.4139485
167	157.524745	155.970307	149.217224	146.099809	139.22687	136.100532	129.226481	126.095837	119.192243	115.945595	108.870739	105.619834	98.6862528	95.4353946	88.3611998	85.1234816	78.3403959	76.781992
168	156.858962	155.304523	148.551438	145.434021	138.561079	135.43474	128.560696	125.430203	118.528377	115.292076	108.237046	104.996641	98.0665976	94.8262403	87.7718709	84.5445001	77.7631827	76.2049316
169	156.251016	154.696576	147.94349	144.826071	137.953127	134.826786	127.952749	124.822408	117.922281	114.695476	107.658256	104.427501	97.5008574	94.2701496	87.233591	84.0157166	77.2360989	75.6780001
170	155.695885	154.141444	147.388356	144.270935	137.397989	134.271646	127.397618	124.267427	117.368928	114.150831	107.129621	103.907726	96.9843417	93.7624943	86.7419454	83.5327794	76.7547907	75.1968434
171	155.188979	153.634538	146.881449	143.764025	136.891078	133.764734	126.890713	123.760672	116.86373	113.653613	106.646801	103.433036	96.5127674	93.2990505	86.2928997	83.0917134	76.3152823	74.7574853
172	154.72611	153.171668	146.418578	143.301153	136.428204	133.301859	126.427847	123.297953	116.402496	113.199686	106.205829	102.999521	96.0822238	92.8759635	85.8827676	82.6888886	75.913943	74.3562947
173	154.303453	152.74901	145.995919	142.878493	136.005542	132.879196	126.005193	122.875445	115.981402	112.785279	105.803084	102.60361	95.6891405	92.489715	85.5081809	82.3209895	75.5474576	73.989956
174	153.917513	152.36307	145.609978	142.49255	135.619598	132.493251	125.619257	122.489654	115.596952	112.406947	105.435253	102.242042	95.3302575	92.1370943	85.1660622	81.9849882	75.2127985	73.6554416
175	153.565102	152.010658	145.257565	142.140137	135.267183	132.140835	125.26685	122.137389	115.245959	112.061546	105.099314	101.911838	95.0025985	91.8151708	84.8536002	81.6781192	74.9072015	73.3499868
176	153.243306	151.688862	144.935768	141.818338	134.945384	131.819035	124.94506	121.815738	114.92551	111.746209	104.792504	101.61028	94.7034463	91.5212697	84.5682266	81.3978569	74.6281423	73.071067
177	152.949466	151.395021	144.641927	141.524496	134.651541	131.525192	124.651226	121.52204	114.632948	111.458316	104.5123	101.334881	94.4303201	91.2529497	84.3075948	81.1418946	74.3733161	72.8163771
178	152.681153	151.126708	144.373613	141.256182	134.383225	131.256876	124.382919	121.253867	114.365845	111.195478	104.256395	101.083374	94.1809551	91.0079824	84.0695616	80.9081258	74.140618	72.5838122
179	152.43615	150.881705	144.128609	141.011176	134.138219	131.011869	124.137923	121.009001	114.121986	110.955511	104.022685	100.853687	93.9532834	90.7843338	83.852169	80.6946263	73.9281262	72.3714501
180	152.212431	150.657986	143.904889	140.787456	133.914498	130.788148	123.914212	120.785415	113.899347	110.736426	103.809245	100.643927	93.7454173	90.5801473	83.6536285	80.499639	73.7340858	72.1775357
181	152.008148	150.453702	143.700605	140.583171	133.710213	130.583862	123.709936	120.581262	113.696082	110.536403	103.614319	100.452366	93.5556334	90.3937281	83.4723062	80.321559	73.5568943	72.0004665
182	151.821611	150.267165	143.514068	140.396634	133.523674	130.397324	123.523407	120.394852	113.510505	110.353783	103.436302	100.277425	93.3823582	90.2235291	83.30671	80.1589204	73.3950885	71.8387791
183	151.65128	150.096834	143.343736	140.226301	133.353341	130.226991	123.353084	120.224644	113.341076	110.187052	103.273728	100.117663	93.2241553	90.0681383	83.1554766	80.0103847	73.2473322	71.6911372
184	151.495747	149.9413	143.188202	140.070766	133.197806	130.071456	123.197559	120.069229	113.18639	110.034825	103.125258	99.9717629	93.0797131	89.9262665	83.0173611	79.8747291	73.1124053	71.5563206
185	151.353725	149.799278	143.046179	139.928744	133.055783	129.929433	123.055546	119.927322	113.045163	109.895842	102.989669	99.838523	92.9478343	89.7967369	82.8912262	79.7508371	72.9891937	71.4332151
186	151.224041	149.669594	142.916495	139.799059	132.926098	129.799748	122.925871	119.797749	112.916225	109.768948	102.865844	99.7168447	92.8274259	89.6784752	82.7760331	79.6376886	72.8766801	71.3208035
187	151.105623	149.551176	142.798077	139.68064	132.807679	129.681329	122.807462	119.679439	112.798506	109.653092	102.752763	99.6057253	92.7174899	89.5705006	82.6708332	79.5343522	72.7739354	71.2181566
188	150.997493	149.443046	142.689946	139.57251	132.699548	129.573199	122.69934	119.571412	112.69103	109.547314	102.649494	99.5042486	92.6171151	89.471918	82.5747599	79.4399773	72.6801114	71.1244263
189	150.898757	149.344309	142.59121	139.473772	132.60081	129.474462	122.600613	119.472774	112.592905	109.450737	102.555187	99.4115781	92.5254698	89.3819101	82.4870218	79.3537868	72.5944334	71.0388379
190	150.808598	149.254151	142.501051	139.383613	132.51065	129.384302	122.510463	119.38271	112.503317	109.362559	102.469063	99.32695	92.4417946	89.2997305	82.406896	79.2750711	72.5161941	70.9606841
191	150.726272	149.171824	142.418724	139.301286	132.428323	129.301976	122.428145	119.300475	112.421524	109.282051	102.390413	99.2496664	92.365396	89.2246983	82.3337222	79.2031821	72.4447476	70.8893191
192	150.651098	149.09665	142.34355	139.226112	132.353148	129.226801	122.352979	119.225387	112.346847	109.208544	102.318588	99.1790901	92.2956412	89.1561915	82.2668976	79.1375278	72.379504	70.8241532
193	150.582454	149.028006	142.274906	139.157468	132.284504	129.158158	122.284345	119.156827	112.278667	109.141431	102.252998	99.1146392	92.2319522	89.0936425	82.2058715	79.0775678	72.3199248	70.7646478
194	150.519774	148.965326	142.212226	139.094787	132.221824	129.095477	122.221673	119.094225	112.216419	109.080154	102.193099	99.0557822	92.1738013	89.0365328	82.1501407	79.0228081	72.2655182	70.7103112
195	150.462539	148.908091	142.15499	139.037552	132.164588	129.038242	122.164446	119.037066	112.159587	109.024205	102.1384	99.0020337	92.1207069	88.9843893	82.0992461	78.9727979	72.215835	70.6606944
196	150.410277	148.855829	142.102728	138.985289	132.112325	128.98598	122.112192	118.984875	112.107698	108.973123	102.088448	98.9529505	92.0722292	88.93678	82.052768	78.9271253	72.1704651	70.6153874
197	150.362554	148.808106	142.055005	138.937566	132.064602	128.938258	122.064477	118.937221	112.060324	108.926482	102.042833	98.9081278	92.0279666	88.8933106	82.0103233	78.8854142	72.1290341	70.5740159
198	150.318978	148.76453	142.011429	138.89399	132.021026	128.894681	122.020909	118.893709	112.017071	108.883897	102.001176	98.8671957	91.9875525	88.8536208	81.971562	78.8473211	72.0911999	70.5362379
199	150.279187	148.724739	141.971638	138.854198	131.981234	128.854891	121.981125	118.853979	111.977581	108.845015	101.963136	98.8298167	91.9506522	88.8173819	81.9361647	78.8125321	72.0566503	70.5017413
200	150.2635	148.709052	141.95595	138.838511	131.965547	128.839204	121.965446	118.83835	111.962173	108.830161	101.949044	98.8163294	91.9376071	88.8049408	81.9244863	78.8014077	72.0457469	70.4908879
201	150.292392	148.737944	141.984842	138.867403	131.994439	128.868096	121.994345	118.867297	111.991324	108.859816	101.979391	98.8472276	91.9689136	88.8367989	81.9570358	78.8344616	72.079005	70.5241931
202	150.386535	148.832087	142.078985	138.961546	132.088582	128.96224	122.088495	118.961492	112.085707	108.954659	102.074861	98.9432009	92.0652638	88.9336527	82.0545165	78.9324016	72.1771334	70.6223658
203	150.558404	149.003955	142.250854	139.133414	132.26045	129.134109	122.26037	119.13341	112.257799	109.127169	102.247939	99.116739	92.2391495	89.1079983	82.2294306	79.1077339	72.3526395	70.7979136
204	150.813191	149.258742	142.505641	139.388201	132.515237	129.388896	122.515164	119.388243	112.512792	109.382543	102.503829	99.3730485	92.4957796	89.3650483	82.4869962	79.3656802	72.6107461	71.0560593
205	151.150656	149.596208	142.843106	139.725666	132.852702	129.726362	122.852635	119.725752	112.850449	109.720547	102.8423	99.7119032	92.8349297	89.7045819	82.8269974	79.7060282	72.9512418	71.3965917
206	151.567442	150.012994	143.259892	140.142452	133.269488	130.143148	123.269428	120.142579	113.267412	110.137826	103.260003	100.129956	93.2532553	90.1232576	83.2460972	80.1254437	73.3707935	71.8161778
207	152.058701	150.504252	143.75115	140.63371	133.760746	130.634407	123.760691	120.633876	113.758834	110.629535	103.752097	100.622371	93.7459202	90.6162421	83.7394667	80.6191006	73.8645757	72.3099923
208	152.619037	151.064589	144.311487	141.194047	134.321083	131.194744	124.321034	121.194249	114.319323	111.190285	104.313197	101.183762	94.3075427	91.1781565	84.3017303	81.1816258	74.4272164	72.8726632
209	153.243016	151.688568	144.935466	141.818026	134.945061	131.818723	124.945018	121.818262	114.943442	111.814643	104.937871	101.808703	94.932696	91.8035764	84.9274671	81.8076009	75.0532978	73.4987728
210	153.925402	152.370954	145.617852	142.500412	135.627448	132.50111	125.627409	122.50068	115.625959	112.497376	105.620892	102.491967	95.6161558	92.4872794	85.6114578	82.4918085	75.7376032	74.1831046
211	154.661276	153.106827	146.353726	143.236286	136.363321	133.236984	126.363288	123.236584	116.361952	113.233567	106.357344	103.228641	96.3530102	93.224356	86.3487955	83.2293437	76.4752283	74.9207544
212	155.446071	153.891622	147.13852	144.02108	137.148115	134.021779	127.148087	124.021406	117.146858	114.018652	107.142667	104.014167	97.1387008	94.0102495	87.134926	84.015654	77.2616214	75.7071705
213	156.275578	154.721129	147.968027	144.850587	137.977622	134.851287	127.977599	124.85094	117.976467	114.848426	107.972655	104.84434	97.9690268	94.8407606	87.9656523	84.8465441	78.0925876	76.5381581
214	157.145935	155.591486	148.838384	145.720944	138.84798	135.721644	128.84796	125.721322	118.846919	115.719027	108.843452	105.715306	98.8401322	95.7120351	88.8371222	85.718163	78.9642764	77.409867
215	158.053605	156.499156	149.746054	146.628614	139.755649	136.629314	129.755634	126.629015	119.754677	116.62692	109.751522	106.623531	99.7484855	96.6205428	89.7458074	86.6269839	79.8731616	78.3187708
216	158.995351	157.440903	150.687801	147.57036	140.697396	137.571061	130.697385	127.570783	120.696504	117.568871	110.693635	107.565784	100.690857	97.5630551	90.6884808	87.5697809	80.8160176	79.2616442
217	159.968218	158.413769	151.660667	148.543227	141.670262	138.543928	131.670255	128.54367	121.669445	118.541925	111.666834	108.539112	101.664294	98.5366208	91.662193	88.5436055	81.7898965	80.2355393
218	160.969502	159.415053	152.661951	149.544511	142.671547	139.545213	132.671543	129.544973	122.670798	119.54338	112.668423	109.540818	102.6661	99.5385438	92.664249	89.545764	82.7921048	81.2377626
219	161.996736	160.442287	153.689185	150.571745	143.698781	140.572447	133.69878	130.572225	123.698096	120.570771	113.695935	110.568437	103.69381	100.566361	93.6921874	90.5737957	83.8201822	82.265854
220	163.047666	161.493217	154.740115	151.622675	144.749711	141.623378	134.749713	131.623172	124.749085	121.621844	114.747118	111.619718	104.745175	101.617824	94.7437602	91.6254534	84.8718819	83.3175667
221	164.120234	162.565785	155.812683	152.695242	145.822278	142.695946	135.822284	132.695755	125.821706	122.694543	115.819916	112.692606	105.81814	102.690879	95.8169144	92.6986849	85.945152	84.3908488
222	165.212559	163.65811	156.905008	153.787568	146.914604	143.788271	136.914612	133.788095	126.914081	123.786989	116.912453	113.785224	106.910829	103.783649	96.9097753	93.7916162	87.0381186	85.4838266
223	166.322926	164.768477	158.015375	154.897935	148.024971	144.898639	138.024982	134.898475	128.024494	124.897466	118.023012	114.895858	108.021528	104.894422	98.0206309	94.9025359	88.1490708	86.5947892
224	167.449767	165.895318	159.142216	156.024776	149.151812	146.02548	139.151826	136.025329	129.151378	126.024408	119.150029	116.022943	109.148672	106.021635	99.1479181	96.0298815	89.2764461	87.7221741
225	168.591651	167.037203	160.284101	157.16666	150.293696	147.167365	140.293712	137.167225	130.293301	127.166384	120.292074	117.16505	110.290833	107.163858	100.290209	97.1722259	90.4188178	88.8645548
226	169.747272	168.192823	161.439721	158.322281	151.449317	148.322986	141.449335	138.322856	131.448958	128.322089	121.44784	118.320873	111.446706	108.319788	101.446201	98.3282662	91.5748832	90.0206284
227	170.915435	169.360986	162.607884	159.490444	152.61748	149.491149	142.617501	139.49103	132.617154	129.49033	122.616137	119.489221	112.615101	109.488234	102.614704	99.4968127	92.7434526	91.1892055
228	172.095052	170.540603	163.787501	160.670061	153.797097	150.670766	143.797119	140.670656	133.796801	130.670017	123.795875	120.669007	113.794928	110.668109	103.79463	100.676779	93.9234398	92.3691997
229	173.285127	171.730678	164.977576	161.860135	154.987171	151.860841	144.987196	141.860739	134.986904	131.860156	124.986061	121.859236	114.985196	111.85842	104.984987	101.867173	95.1138528	93.5596193
230	174.484751	172.930302	166.1772	163.05976	156.186796	153.060466	146.186822	143.060372	136.186554	133.05984	126.185787	123.059001	116.184997	113.05826	106.184869	103.067088	96.313786	94.7595586
231	175.693096	174.138647	167.385545	164.268104	157.39514	154.268811	147.395169	144.268724	137.394923	134.268239	127.394224	124.267474	117.393502	114.266801	107.393449	104.275698	97.5224123	95.9681905
232	176.909403	175.354954	168.601852	165.484411	158.611448	155.485118	148.611477	145.485038	138.611252	135.484595	128.610616	125.483899	118.609956	115.483288	108.609971	105.492248	98.7389766	97.1847599
233	178.132981	176.578532	169.82543	166.707989	159.835025	156.708696	149.835057	146.708623	139.83485	136.708218	129.834271	126.707584	119.833668	116.70703	109.833745	106.716047	99.9627891	98.4085772
234	179.363198	177.808749	171.055647	167.938206	161.065242	157.938914	151.065275	147.938846	141.065085	137.938477	131.064558	127.937898	121.064008	117.937397	111.06414	107.946465	101.19322	99.6390128
235	180.599477	179.045028	172.291926	169.174486	162.301522	159.175193	152.301556	149.175131	142.301382	139.174794	132.300902	129.174267	122.300399	119.173813	112.300583	109.182929	102.429695	100.875492
236	181.841292	180.286843	173.533741	170.416301	163.543337	160.417008	153.543372	150.416951	143.543212	140.416644	133.542775	130.416163	123.542316	120.415753	113.542547	110.424912	103.671689	102.117489
237	183.088162	181.533713	174.780611	171.66317	164.790207	161.663878	154.790243	151.663826	144.790097	141.663545	134.789699	131.663107	124.78928	121.662737	114.789553	111.671935	104.918721	103.364525
238	184.339647	182.785198	176.032096	172.914656	166.041692	162.915364	156.04173	152.915316	146.041595	142.91506	136.041233	132.914661	126.040851	122.914327	116.041162	112.92356	106.170355	104.616162
239	185.595347	184.040899	177.287796	174.170356	167.297392	164.171064	157.297431	154.17102	147.297308	144.170787	137.296978	134.170423	127.296629	124.170122	117.296976	114.179388	107.426191	105.872001
240	186.854896	185.300447	178.547345	175.429905	168.556941	165.430613	158.55698	155.430572	148.556868	145.43036	138.556567	135.430028	128.556248	125.429758	118.556628	115.439053	108.685864	107.131676
241	188.117959	186.56351	179.810408	176.692968	169.820004	166.693676	159.820044	156.693639	149.819941	146.693445	139.819667	136.693142	129.819376	126.6929	119.819785	116.702222	109.949039	108.394855
242	189.384231	187.829782	181.07668	177.959239	171.086276	167.959948	161.086317	157.959914	151.086222	147.959737	141.085973	137.959461	131.085707	127.959245	121.086143	117.968591	111.215414	109.661232
243	190.653432	189.098984	182.345881	179.228441	172.355477	169.22915	162.355519	159.229119	152.355433	149.228957	142.355206	139.228706	132.354964	129.228513	122.355423	119.237881	112.48471	110.93053
244	191.92531	190.370861	183.617759	180.500319	173.627355	170.501028	163.627398	160.500999	153.627318	150.500852	143.627111	140.500623	133.626891	130.500451	123.627373	120.509839	113.756674	112.202495
245	193.19963	191.645182	184.892079	181.774639	174.901675	171.775348	164.901719	161.775322	154.901646	151.775188	144.901458	141.774979	134.901256	131.774827	124.901759	121.784234	115.031073	113.476896
246	194.476182	192.921733	186.168631	183.051191	176.178227	173.0519	166.178271	163.051876	156.178204	153.051753	146.178033	143.051563	136.177849	133.051428	126.17837	123.060852	116.307696	114.753521
247	195.75477	194.200322	187.447219	184.329779	177.456815	174.330489	167.45686	164.330467	157.456799	154.330355	147.456643	144.330182	137.456475	134.330063	127.457013	124.339502	117.586349	116.032176
248	197.035219	195.48077	188.727668	185.610228	178.737264	175.610937	168.737309	165.610918	158.737253	155.610816	148.737111	145.610657	138.736958	135.610554	128.737512	125.620007	118.866858	117.312686
249	198.317366	196.762917	190.009815	186.892375	180.019411	176.893085	170.019457	166.893067	160.019406	156.892974	150.019276	146.89283	140.019137	136.892739	130.019704	126.902205	120.149059	118.594889
250	199.601064	198.046615	191.293513	188.176073	181.303109	178.176783	171.303156	168.176767	161.303109	158.176682	151.302991	148.17655	141.302864	138.176473	131.303444	128.18595	121.432807	119.878638
251	200.886179	199.33173	192.578628	189.461187	182.588224	179.461897	172.58827	169.461883	162.588228	159.461805	152.58812	149.461685	142.588005	139.461619	132.588596	129.471107	122.717967	121.163798
252	202.172586	200.618137	193.865035	190.747595	183.874631	180.748305	173.874678	170.748292	163.874639	160.748221	153.874541	150.748112	143.874436	140.748056	133.875038	130.757553	124.004416	122.450248
253	203.460174	201.905726	195.152623	192.035183	185.16222	182.035893	175.162267	172.035882	165.162231	162.035817	155.162142	152.035717	145.162046	142.035671	135.162658	132.045177	125.292042	123.737875
254	204.748841	203.194392	196.44129	193.32385	186.450886	183.32456	176.450934	173.324549	166.450901	163.324491	156.45082	153.3244	146.450733	143.324362	136.451353	133.333876	126.580743	125.026577
255	206.038492	204.484043	197.730941	194.613501	187.740537	184.614211	177.740586	174.614202	167.740556	164.614148	157.740481	154.614065	147.740402	144.614035	137.741031	134.623557	127.870425	126.316261
256	207.329043	205.774594	199.021492	195.904051	189.031088	185.904762	179.031136	175.904753	169.031109	165.904704	159.031041	155.904629	149.030969	145.904606	139.031605	135.914134	129.161004	127.60684
257	208.620414	207.065965	200.312863	197.195422	190.322459	187.196133	180.322508	177.196125	170.322483	167.196081	160.322421	157.196012	150.322356	147.195996	140.322998	137.20553	130.452402	128.898238
258	209.912534	208.358086	201.604983	198.487543	191.61458	188.488254	181.614629	178.488247	171.614606	168.488206	161.61455	158.488144	151.61449	148.488133	141.615139	138.497673	131.744546	130.190384
259	211.20534	209.650891	202.897789	199.780348	192.907385	189.781059	182.907434	179.781053	172.907413	169.781016	162.907362	159.780959	152.907308	149.780954	142.907962	139.790499	133.037373	131.483211
260	212.49877	210.944321	204.191219	201.073779	194.200815	191.074489	184.200865	181.074484	174.200846	171.074451	164.200799	161.074399	154.20075	151.074399	144.201409	141.083948	134.330824	132.776662
261	213.792771	212.238322	205.48522	202.36778	195.494816	192.368491	185.494866	182.368486	175.494849	172.368455	165.494806	162.368408	155.494762	152.368413	145.495426	142.377966	135.624843	134.070682
262	215.087293	213.532845	206.779742	203.662302	196.789339	193.663013	186.789389	183.663009	176.789373	173.662981	166.789334	163.662938	156.789294	153.662947	146.789962	143.672503	136.919382	135.365221
263	216.382292	214.827843	208.074741	204.9573	198.084337	194.958011	188.084387	184.958008	178.084372	174.957982	168.084337	164.957943	158.084301	154.957955	148.084973	144.967516	138.214395	136.660235
264	217.677724	216.123275	209.370173	206.252733	199.379769	196.253444	189.37982	186.253441	179.379806	176.253418	169.379774	166.253382	159.379742	156.253398	149.380417	146.262961	139.509841	137.955682
265	218.973554	217.419105	210.666003	207.548562	200.675599	197.549273	190.675649	187.549271	180.675637	177.54925	170.675608	167.549217	160.675578	157.549236	150.676257	147.558803	140.805683	139.251524
266	220.269745	218.715296	211.962194	208.844754	201.971791	198.845465	191.971841	188.845463	181.97183	178.845444	171.971803	168.845414	161.971777	158.845436	151.972458	148.855005	142.101887	140.547728
267	221.566268	220.011819	213.258717	210.141277	203.268313	200.141988	193.268364	190.141986	183.268354	180.141969	173.26833	170.141942	163.268306	160.141966	153.26899	150.151538	143.39842	141.844261
268	222.863093	221.308644	214.555542	211.438101	204.565138	201.438812	194.565189	191.438812	184.56518	181.438795	174.565157	171.438771	164.565136	161.438798	154.565822	151.448371	144.695254	143.141095
269	224.160193	222.605744	215.852642	212.735202	205.862238	202.735913	195.86229	192.735912	185.862281	182.735898	175.862261	172.735875	165.862242	162.735905	155.86293	152.74548	145.992363	144.438205
270	225.457546	223.903097	217.149995	214.032554	207.159591	204.033265	197.159642	194.033265	187.159634	184.033252	177.159616	174.033231	167.159599	164.033263	157.160289	154.04284	147.289724	145.735566
271	226.755128	225.200679	218.447577	215.330137	208.457173	205.330848	198.457225	195.330848	188.457218	185.330836	178.457201	175.330817	168.457185	165.33085	158.457878	155.340429	148.587314	147.033156
272	228.05292	226.498472	219.745369	216.627929	209.754966	206.62864	199.755017	196.628641	189.755011	186.62863	179.754995	176.628613	169.754982	166.628648	159.755676	156.638228	149.885113	148.330955
273	229.350905	227.796456	221.043354	217.925913	211.05295	207.926624	201.053002	197.926625	191.052996	187.926615	181.052982	177.9266	171.052969	167.926636	161.053665	157.936218	151.183103	149.628945
274	230.649064	229.094615	222.341513	219.224073	212.351109	209.224784	202.351161	199.224785	192.351156	189.224776	182.351143	179.224762	172.351132	169.2248	162.351829	159.234382	152.481268	150.92711
275	231.947383	230.392934	223.639832	220.522392	213.649429	210.523103	203.64948	200.523104	193.649475	190.523096	183.649464	180.523083	173.649454	170.523122	163.650153	160.532706	153.779592	152.225435
276	233.245849	231.6914	224.938298	221.820857	214.947894	211.821568	204.947946	201.82157	194.947941	191.821562	184.947931	181.821551	174.947922	171.821591	164.948622	161.831176	155.078062	153.523905
277	234.544447	232.989998	226.236896	223.119456	216.246492	213.120167	206.246544	203.120169	196.24654	193.120162	186.246531	183.120151	176.246523	173.120193	166.247224	163.129779	156.376665	154.822508
278	235.843167	234.288719	227.535616	224.418176	217.545213	214.418887	207.545265	204.418889	197.545261	194.418883	187.545252	184.418873	177.545246	174.418916	167.545947	164.428502	157.675389	156.121232
279	237.141999	235.58755	228.834448	225.717008	218.844044	215.717719	208.844096	205.717721	198.844093	195.717715	188.844085	185.717706	178.84408	175.71775	168.844782	165.727337	158.974224	157.420067
280	238.440932	236.886483	230.133381	227.015941	220.142977	217.016652	210.143029	207.016654	200.143026	197.016649	190.143019	187.016641	180.143014	177.016685	170.143718	167.026273	160.27316	158.719004
281	239.739958	238.185509	231.432407	228.314966	221.442003	218.315678	211.442055	208.31568	201.442052	198.315675	191.442046	188.315668	181.442042	178.315713	171.442746	168.325302	161.572189	160.018032
282	241.039068	239.484619	232.731517	229.614077	222.741113	219.614788	212.741166	209.614791	202.741163	199.614786	192.741157	189.614779	182.741154	179.614825	172.741858	169.624415	162.871302	161.317145
283	242.338256	240.783807	234.030705	230.913264	224.040301	220.913976	214.040353	210.913978	204.040351	200.913974	194.040346	190.913968	184.040343	180.914015	174.041048	170.923605	164.170492	162.616335
284	243.637514	242.083065	235.329963	232.212523	225.339559	222.213234	215.339612	212.213237	205.33961	202.213233	195.339604	192.213228	185.339602	182.213274	175.340308	172.222865	165.469753	163.915596
285	244.936837	243.382388	236.629286	233.511845	226.638882	223.512557	216.638934	213.512559	206.638932	203.512556	196.638928	193.512551	186.638926	183.512598	176.639632	173.522189	166.769077	165.214921
286	246.236218	244.681769	237.928667	234.811227	227.938263	224.811938	217.938316	214.811941	207.938314	204.811938	197.93831	194.811933	187.938309	184.811981	177.939016	174.821573	168.068461	166.514304
287	247.535653	245.981205	239.228102	236.110662	229.237699	226.111373	219.237751	216.111376	209.23775	206.111374	199.237746	196.111369	189.237745	186.111418	179.238452	176.121009	169.367898	167.813741
288	248.835138	247.280689	240.527587	237.410146	230.537183	227.410858	220.537235	217.410861	210.537234	207.410858	200.537231	197.410855	190.53723	187.410903	180.537938	177.420495	170.667383	169.113227
289	250.134667	248.580218	241.827116	238.709675	231.836712	228.710387	221.836765	218.71039	211.836763	208.710388	201.83676	198.710384	191.83676	188.710433	181.837468	178.720026	171.966914	170.412758
290	251.434237	249.879788	243.126686	240.009245	233.136282	230.009957	223.136335	220.00996	213.136333	210.009958	203.136331	200.009955	193.136331	190.010004	183.137039	180.019597	173.266485	171.712329
291	252.733844	251.179395	244.426293	241.308853	234.435889	231.309564	224.435942	221.309567	214.435941	211.309566	204.435938	201.309563	194.435939	191.309612	184.436648	181.319205	174.566094	173.011937
292	254.033486	252.479037	245.725935	242.608494	235.735531	232.609206	225.735583	222.609209	215.735583	212.609207	205.73558	202.609205	195.735581	192.609255	185.73629	182.618848	175.865736	174.31158
293	255.333158	253.778709	247.025607	243.908167	237.035204	233.908878	227.035256	223.908882	217.035255	213.90888	207.035253	203.908878	197.035254	193.908928	187.035963	183.918521	177.16541	175.611254
294	256.632859	255.07841	248.325308	245.207868	238.334905	235.208579	228.334957	225.208583	218.334956	215.208581	208.334955	205.208579	198.334956	195.20863	188.335665	185.218223	178.465112	176.910956
295	257.932586	256.378138	249.625035	246.507595	239.634632	236.508306	229.634684	226.50831	219.634684	216.508309	209.634682	206.508307	199.634684	196.508357	189.635393	186.517951	179.76484	178.210684
296	259.232337	257.677888	250.924786	247.807346	240.934382	237.808057	230.934435	227.808061	220.934434	217.808059	210.934433	207.808058	200.934435	197.808109	190.935144	187.817702	181.064591	179.510435
297	260.532109	258.977661	252.224558	249.107118	242.234155	239.10783	232.234207	229.107833	222.234207	219.107832	212.234205	209.107831	202.234208	199.107881	192.234917	189.117475	182.364364	180.810208
298	261.831902	260.277453	253.524351	250.40691	243.533947	240.407622	233.534	230.407625	223.533999	220.407624	213.533998	210.407623	203.534	200.407674	193.53471	190.417268	183.664157	182.110001
299	263.131712	261.577263	254.824161	251.706721	244.833757	241.707432	234.83381	231.707435	224.833809	221.707435	214.833808	211.707433	204.833811	201.707485	194.834521	191.717079	184.963968	183.409812
300	264.410892	262.856443	256.103341	252.9859	246.112937	242.986612	236.11299	232.986615	226.112989	222.986615	216.112988	212.986614	206.112991	202.986665	196.113701	192.996259	186.243148	184.688992
301	265.648664	264.094215	257.341113	254.223673	247.350709	244.224384	237.350762	234.224388	227.350762	224.224387	217.350761	214.224386	207.350763	204.224438	197.351474	194.234032	187.480921	185.926765
302	266.824081	265.269632	258.51653	255.39909	248.526126	245.399801	238.526179	235.399805	228.526179	225.399804	218.526178	215.399803	208.526181	205.399855	198.526891	195.40945	188.656338	187.102183
303	267.924417	266.369968	259.616866	256.499426	249.626462	246.500137	239.626515	236.500141	229.626515	226.50014	219.626514	216.50014	209.626517	206.500191	199.627227	196.509786	189.756675	188.202519
304	268.94425	267.389801	260.636699	257.519258	250.646295	247.51997	240.646348	237.519973	230.646348	227.519973	220.646347	217.519972	210.64635	207.520024	200.64706	197.529619	190.776508	189.222352
305	269.883609	268.32916	261.576058	258.458617	251.585654	248.459329	241.585707	238.459332	231.585706	228.459332	221.585706	218.459331	211.585709	208.459383	201.586419	198.468978	191.715867	190.161711
306	270.74566	269.191211	262.438109	259.320669	252.447705	249.32138	242.447758	239.321384	232.447758	229.321383	222.447757	219.321383	212.447761	209.321435	202.448471	199.33103	192.577919	191.023763
307	271.535078	269.980629	263.227527	260.110087	253.237124	250.110798	243.237176	240.110802	233.237176	230.110802	223.237176	220.110801	213.237179	210.110853	203.237889	200.120448	193.367337	191.813181
308	272.257096	270.702647	263.949545	260.832105	253.959141	250.832816	243.959194	240.83282	233.959194	230.83282	223.959194	220.832819	213.959197	210.832871	203.959908	200.842466	194.089355	192.535199
309	272.917005	271.362557	264.609454	261.492014	254.619051	251.492725	244.619103	241.492729	234.619103	231.492729	224.619103	221.492729	214.619106	211.492781	204.619817	201.502376	194.749265	193.195109
310	273.519907	271.965458	265.212356	262.094915	255.221952	252.095627	245.222005	242.09563	235.222005	232.09563	225.222004	222.09563	215.222008	212.095682	205.222718	202.105277	195.352166	193.79801
311	274.070599	272.51615	265.763048	262.645607	255.772644	252.646319	245.772697	242.646322	235.772697	232.646322	225.772696	222.646322	215.7727	212.646374	205.773411	202.655969	195.902859	194.348703
312	274.573537	273.019088	266.265986	263.148546	256.275582	253.149257	246.275635	243.149261	236.275635	233.149261	226.275635	223.149261	216.275638	213.149313	206.276349	203.158908	196.405797	194.851641
313	275.032828	273.47838	266.725277	263.607837	256.734874	253.608549	246.734926	243.608552	236.734927	233.608552	226.734926	223.608552	216.73493	213.608604	206.735641	203.6182	196.865089	195.310933
314	275.452243	273.897794	267.144692	264.027252	257.154288	254.027963	247.154341	244.027967	237.154341	234.027967	227.154341	224.027967	217.154344	214.028019	207.155055	204.037614	197.284503	195.730347
315	275.835233	274.280785	267.527682	264.410242	257.537279	254.410954	247.537331	244.410957	237.537332	234.410957	227.537331	224.410957	217.537335	214.411009	207.538046	204.420605	197.667494	196.113338
316	276.184958	274.630509	267.877407	264.759967	257.887004	254.760678	247.887056	244.760682	237.887056	234.760682	227.887056	224.760682	217.88706	214.760734	207.887771	204.77033	198.017219	196.463063
317	276.504304	274.949855	268.196753	265.079313	258.20635	255.080024	248.206402	245.080028	238.206402	235.080028	228.206402	225.080028	218.206406	215.080081	208.207117	205.089676	198.336565	196.782409
318	276.795909	275.24146	268.488358	265.370918	258.497954	255.371629	248.498007	245.371633	238.498007	235.371633	228.498007	225.371633	218.498011	215.371685	208.498722	205.381281	198.62817	197.074014
319	277.062182	275.507733	268.754631	265.637191	258.764227	255.637902	248.76428	245.637906	238.76428	235.637906	228.76428	225.637906	218.764284	215.637958	208.764995	205.647554	198.894443	197.340287
320	277.305323	275.750874	268.997772	265.880331	259.007368	255.881043	249.007421	245.881047	239.007421	235.881047	229.007421	225.881047	219.007424	215.881099	209.008136	205.890695	199.137584	197.583428
321	277.527341	275.972892	269.21979	266.10235	259.229386	256.103061	249.229439	246.103065	239.229439	236.103065	229.229439	226.103065	219.229443	216.103118	209.230154	206.112713	199.359602	197.805446
322	277.730072	276.175623	269.422521	266.305081	259.432117	256.305792	249.43217	246.305796	239.43217	236.305796	229.43217	226.305796	219.432174	216.305849	209.432885	206.315444	199.562333	198.008177
323	277.915191	276.360742	269.60764	266.4902	259.617236	256.490911	249.617289	246.490915	239.617289	236.490915	229.617289	226.490915	219.617293	216.490967	209.618004	206.500563	199.747452	198.193296
324	278.084228	276.529779	269.776677	266.659236	259.786273	256.659948	249.786326	246.659951	239.786326	236.659952	229.786326	226.659952	219.786329	216.660004	209.787041	206.6696	199.916489	198.362333
325	278.238579	276.684131	269.931028	266.813588	259.940625	256.814299	249.940677	246.814303	239.940678	236.814303	229.940678	226.814303	219.940681	216.814356	209.941393	206.823951	200.070841	198.516685
326	278.379522	276.825073	270.071971	266.954531	260.081567	256.955242	250.08162	246.955246	240.08162	236.955246	230.08162	226.955246	220.081624	216.955299	210.082335	206.964894	200.211783	198.657627
327	278.50822	276.953771	270.200669	267.083229	260.210266	257.08394	250.210318	247.083944	240.210319	237.083944	230.210318	227.083944	220.210322	217.083997	210.211034	207.093592	200.340482	198.786326
328	278.625738	277.071289	270.318187	267.200747	260.327783	257.201458	250.327836	247.201462	240.327836	237.201462	230.327836	227.201462	220.32784	217.201515	210.328551	207.21111	200.457999	198.903843
329	278.733046	277.178598	270.425495	267.308055	260.435092	257.308767	250.435144	247.30877	240.435145	237.30877	230.435145	227.308771	220.435148	217.308823	210.43586	207.318419	200.565308	199.011152
330	278.831032	277.276584	270.523481	267.406041	260.533078	257.406753	250.533131	247.406756	240.533131	237.406756	230.533131	227.406757	220.533135	217.406809	210.533846	207.416405	200.663294	199.109138
331	278.920506	277.366057	270.612955	267.495515	260.622551	257.496226	250.622604	247.49623	240.622604	237.49623	230.622604	227.49623	220.622608	217.496283	210.623319	207.505878	200.752768	199.198612
332	279.002207	277.447758	270.694656	267.577215	260.704252	257.577927	250.704305	247.577931	240.704305	237.577931	230.704305	227.577931	220.704309	217.577984	210.70502	207.587579	200.834468	199.280312
333	279.07681	277.522361	270.769259	267.651818	260.778855	257.65253	250.778908	247.652534	240.778908	237.652534	230.778908	227.652534	220.778912	217.652587	210.779623	207.662182	200.909071	199.354915
334	279.144931	277.590483	270.83738	267.71994	260.846977	257.720652	250.84703	247.720655	240.84703	237.720655	230.84703	227.720656	220.847034	217.720708	210.847745	207.730304	200.977193	199.423037
335	279.207135	277.652686	270.899584	267.782144	260.909181	257.782855	250.909233	247.782859	240.909234	237.782859	230.909234	227.782859	220.909237	217.782912	210.909949	207.792508	201.039397	199.485241
336	279.263935	277.709486	270.956384	267.838944	260.96598	257.839655	250.966033	247.839659	240.966033	237.839659	230.966033	227.839659	220.966037	217.839712	210.966749	207.849308	201.096197	199.542041
337	279.315801	277.761352	271.00825	267.890809	261.017846	257.891521	251.017899	247.891524	241.017899	237.891525	231.017899	227.891525	221.017903	217.891578	211.018614	207.901173	201.148062	199.593906
338	279.36316	277.808711	271.055609	267.938169	261.065206	257.93888	251.065258	247.938884	241.065259	237.938884	231.065259	227.938884	221.065262	217.938937	211.065974	207.948533	201.195422	199.641266
339	279.406406	277.851957	271.098855	267.981414	261.108451	257.982126	251.108504	247.982129	241.108504	237.98213	231.108504	227.98213	221.108508	217.982182	211.109219	207.991778	201.238667	199.684511
340	279.445894	277.891445	271.138343	268.020903	261.147939	258.021614	251.147992	248.021618	241.147992	238.021618	231.147992	228.021618	221.147996	218.021671	211.148707	208.031266	201.278156	199.724
341	279.481952	277.927503	271.174401	268.05696	261.183997	258.057672	251.18405	248.057676	241.18405	238.057676	231.18405	228.057676	221.184054	218.057729	211.184765	208.067324	201.314213	199.760057
342	279.514877	277.960428	271.207326	268.089886	261.216922	258.090597	251.216975	248.090601	241.216975	238.090601	231.216975	228.090601	221.216979	218.090654	211.217691	208.10025	201.347139	199.792983
343	279.544942	277.990493	271.237391	268.119951	261.246987	258.120662	251.24704	248.120666	241.24704	238.120666	231.24704	228.120666	221.247044	218.120719	211.247756	208.130315	201.377204	199.823048
344	279.572395	278.017946	271.264844	268.147404	261.274441	258.148115	251.274493	248.148119	241.274494	238.148119	231.274494	228.14812	221.274497	218.148172	211.275209	208.157768	201.404657	199.850501
345	279.597463	278.043015	271.289912	268.172472	261.299509	258.173184	251.299561	248.173187	241.299562	238.173187	231.299562	228.173188	221.299566	218.17324	211.300277	208.182836	201.429725	199.875569
346	279.620354	278.065905	271.312803	268.195362	261.322399	258.196074	251.322452	248.196078	241.322452	238.196078	231.322452	228.196078	221.322456	218.196131	211.323167	208.205726	201.452615	199.89846
347	279.641256	278.086807	271.333705	268.216264	261.343301	258.216976	251.343354	248.216979	241.343354	238.21698	231.343354	228.21698	221.343358	218.217033	211.344069	208.226628	201.473517	199.919361
348	279.660341	278.105893	271.35279	268.23535	261.362387	258.236062	251.36244	248.236065	241.36244	238.236066	231.36244	228.236066	221.362444	218.236119	211.363155	208.245714	201.492603	199.938447
349	279.677769	278.12332	271.370218	268.252778	261.379815	258.253489	251.379867	248.253493	241.379868	238.253493	231.379868	228.253494	221.379872	218.253546	211.380583	208.263142	201.510031	199.955875
350	279.693683	278.139234	271.386132	268.268692	261.395728	258.269403	251.395781	248.269407	241.395781	238.269407	231.395782	228.269407	221.395785	218.26946	211.396497	208.279056	201.525945	199.971789
351	279.708214	278.153766	271.400663	268.283223	261.41026	258.283935	251.410313	248.283938	241.410313	238.283939	231.410313	228.283939	221.410317	218.283992	211.411028	208.293587	201.540476	199.98632
352	279.721483	278.167035	271.413932	268.296492	261.423529	258.297204	251.423581	248.297207	241.423582	238.297207	231.423582	228.297208	221.423586	218.29726	211.424297	208.306856	201.553745	199.999589
353	279.7336	278.179151	271.426049	268.308608	261.435645	258.30932	251.435698	248.309324	241.435698	238.309324	231.435698	228.309324	221.435702	218.309377	211.436413	208.318972	201.565861	200.011705
354	279.744663	278.190214	271.437112	268.319672	261.446709	258.320383	251.446761	248.320387	241.446762	238.320387	231.446762	228.320388	221.446765	218.32044	211.447477	208.330036	201.576925	200.022769
355	279.754766	278.200317	271.447215	268.329774	261.456811	258.330486	251.456864	248.33049	241.456864	238.33049	231.456864	228.33049	221.456868	218.330543	211.457579	208.340138	201.587027	200.032872
356	279.76399	278.209542	271.456439	268.338999	261.466036	258.339711	251.466089	248.339714	241.466089	238.339715	231.466089	228.339715	221.466093	218.339768	211.466804	208.349363	201.596252	200.042096
357	279.772414	278.217965	271.464863	268.347423	261.474459	258.348134	251.474512	248.348138	241.474512	238.348138	231.474512	228.348138	221.474516	218.348191	211.475228	208.357786	201.604676	200.05052
358	279.780106	278.225657	271.472555	268.355114	261.482151	258.355826	251.482204	248.355829	241.482204	238.35583	231.482204	228.35583	221.482208	218.355883	211.482919	208.365478	201.612367	200.058211
359	279.787129	278.23268	271.479578	268.362138	261.489174	258.362849	251.489227	248.362853	241.489227	238.362853	231.489227	228.362853	221.489231	218.362906	211.489943	208.372502	201.619391	200.065235
360	279.793542	278.239093	271.485991	268.368551	261.495588	258.369262	251.49564	248.369266	241.495641	238.369266	231.495641	228.369267	221.495645	218.369319	211.496356	208.378915	201.625804	200.071648
361	279.799398	278.24495	271.491847	268.374407	261.501444	258.375118	251.501496	248.375122	241.501497	238.375122	231.501497	228.375123	221.501501	218.375175	211.502212	208.384771	201.63166	200.077504
362	279.804746	278.250297	271.497195	268.379754	261.506791	258.380466	251.506844	248.38047	241.506844	238.38047	231.506844	228.38047	221.506848	218.380523	211.507559	208.390118	201.637008	200.082852
363	279.809629	278.25518	271.502078	268.384637	261.511674	258.385349	251.511727	248.385353	241.511727	238.385353	231.511727	228.385353	221.511731	218.385406	211.512442	208.395001	201.64189	200.087734
364	279.814087	278.259638	271.506536	268.389096	261.516133	258.389807	251.516185	248.389811	241.516186	238.389811	231.516186	228.389812	221.516189	218.389864	211.516901	208.39946	201.646349	200.092193
365	279.818158	278.26371	271.510607	268.393167	261.520204	258.393879	251.520257	248.393882	241.520257	238.393883	231.520257	228.393883	221.520261	218.393936	211.520972	208.403531	201.65042	200.096264
366	279.821876	278.267427	271.514325	268.396885	261.523921	258.397596	251.523974	248.3976	241.523974	238.3976	231.523974	228.3976	221.523978	218.397653	211.52469	208.407249	201.654138	200.099982
367	279.825271	278.270822	271.51772	268.400279	261.527316	258.400991	251.527369	248.400995	241.527369	238.400995	231.527369	228.400995	221.527373	218.401048	211.528084	208.410643	201.657533	200.103377
368	279.82837	278.273922	271.520819	268.403379	261.530416	258.404091	251.530469	248.404094	241.530469	238.404095	231.530469	228.404095	221.530473	218.404148	211.531184	208.413743	201.660632	200.106476
369	279.831201	278.276752	271.52365	268.40621	261.533246	258.406921	251.533299	248.406925	241.533299	238.406925	231.533299	228.406925	221.533303	218.406978	211.534015	208.416574	201.663463	200.109307
370	279.833785	278.279337	271.526234	268.408794	261.535831	258.409506	251.535884	248.409509	241.535884	238.40951	231.535884	228.40951	221.535888	218.409563	211.536599	208.419158	201.666047	200.111891
371	279.836145	278.281697	271.528594	268.411154	261.538191	258.411866	251.538244	248.411869	241.538244	238.41187	231.538244	228.41187	221.538248	218.411923	211.538959	208.421518	201.668407	200.114251
372	279.8383	278.283852	271.530749	268.413309	261.540346	258.414021	251.540399	248.414024	241.540399	238.414025	231.540399	228.414025	221.540403	218.414078	211.541114	208.423673	201.670562	200.116406
373	279.840268	278.285819	271.532717	268.415277	261.542314	258.415988	251.542366	248.415992	241.542367	238.415992	231.542367	228.415993	221.542371	218.416045	211.543082	208.425641	201.67253	200.118374
374	279.842065	278.287616	271.534514	268.417074	261.54411	258.417785	251.544163	248.417789	241.544163	238.417789	231.544163	228.417789	221.544167	218.417842	211.544879	208.427438	201.674327	200.120171
375	279.843706	278.289257	271.536155	268.418715	261.545751	258.419426	251.545804	248.41943	241.545804	238.41943	231.545804	228.41943	221.545808	218.419483	211.546519	208.429078	201.675968	200.121812
376	279.845204	278.290755	271.537653	268.420213	261.547249	258.420924	251.547302	248.420928	241.547302	238.420928	231.547302	228.420928	221.547306	218.420981	211.548018	208.430577	201.677466	200.12331
377	279.846572	278.292123	271.539021	268.421581	261.548617	258.422292	251.54867	248.422296	241.54867	238.422296	231.54867	228.422296	221.548674	218.422349	211.549386	208.431945	201.678834	200.124678
378	279.847821	278.293372	271.54027	268.42283	261.549867	258.423541	251.549919	248.423545	241.54992	238.423545	231.54992	228.423546	221.549924	218.423598	211.550635	208.433194	201.680083	200.125927
379	279.848962	278.294513	271.541411	268.423971	261.551007	258.424682	251.55106	248.424686	241.55106	238.424686	231.55106	228.424686	221.551064	218.424739	211.551776	208.434335	201.681224	200.127068
380	279.850003	278.295555	271.542452	268.425012	261.552049	258.425724	251.552102	248.425727	241.552102	238.425728	231.552102	228.425728	221.552106	218.425781	211.552817	208.435376	201.682265	200.128109
381	279.850955	278.296506	271.543404	268.425963	261.553	258.426675	251.553053	248.426679	241.553053	238.426679	231.553053	228.426679	221.553057	218.426732	211.553768	208.436327	201.683216	200.12906
382	279.851823	278.297374	271.544272	268.426832	261.553868	258.427543	251.553921	248.427547	241.553921	238.427547	231.553921	228.427547	221.553925	218.4276	211.554637	208.437196	201.684085	200.129929
383	279.852616	278.298167	271.545065	268.427625	261.554661	258.428336	251.554714	248.42834	241.554714	238.42834	231.554714	228.42834	221.554718	218.428393	211.55543	208.437989	201.684878	200.130722
384	279.85334	278.298891	271.545789	268.428349	261.555385	258.42906	251.555438	248.429064	241.555439	238.429064	231.555439	228.429065	221.555442	218.429117	211.556154	208.438713	201.685602	200.131446
385	279.854001	278.299553	271.54645	268.42901	261.556047	258.429722	251.556099	248.429725	241.5561	238.429725	231.5561	228.429726	221.556104	218.429778	211.556815	208.439374	201.686263	200.132107
386	279.854605	278.300156	271.547054	268.429614	261.55665	258.430325	251.556703	248.430329	241.556704	238.430329	231.556704	228.43033	221.556707	218.430382	211.557419	208.439978	201.686867	200.132711
387	279.855156	278.300708	271.547605	268.430165	261.557202	258.430877	251.557255	248.43088	241.557255	238.430881	231.557255	228.430881	221.557259	218.430934	211.55797	208.440529	201.687418	200.133262
388	279.85566	278.301211	271.548109	268.430669	261.557705	258.43138	251.557758	248.431384	241.557758	238.431384	231.557758	228.431384	221.557762	218.431437	211.558474	208.441033	201.687922	200.133766
389	279.85612	278.301671	271.548569	268.431128	261.558165	258.43184	251.558218	248.431844	241.558218	238.431844	231.558218	228.431844	221.558222	218.431897	211.558933	208.441492	201.688381	200.134226
390	279.856539	278.302091	271.548988	268.431548	261.558585	258.432259	251.558637	248.432263	241.558638	238.432263	231.558638	228.432264	221.558642	218.432316	211.559353	208.441912	201.688801	200.134645
391	279.856923	278.302474	271.549372	268.431931	261.558968	258.432643	251.559021	248.432647	241.559021	238.432647	231.559021	228.432647	221.559025	218.4327	211.559736	208.442295	201.689184	200.135029
392	279.857273	278.302824	271.549722	268.432281	261.559318	258.432993	251.559371	248.432997	241.559371	238.432997	231.559371	228.432997	221.559375	218.43305	211.560086	208.442645	201.689534	200.135379
393	279.857592	278.303143	271.550041	268.432601	261.559638	258.433312	251.55969	248.433316	241.559691	238.433316	231.559691	228.433317	221.559695	218.433369	211.560406	208.442965	201.689854	200.135698
394	279.857884	278.303435	271.550333	268.432893	261.559929	258.433604	251.559982	248.433608	241.559982	238.433608	231.559982	228.433608	221.559986	218.433661	211.560698	208.443257	201.690146	200.13599
395	279.85815	278.303702	271.550599	268.433159	261.560196	258.433871	251.560249	248.433874	241.560249	238.433875	231.560249	228.433875	221.560253	218.433928	211.560964	208.443523	201.690412	200.136256
396	279.858394	278.303945	271.550843	268.433403	261.560439	258.434114	251.560492	248.434118	241.560492	238.434118	231.560492	228.434118	221.560496	218.434171	211.561207	208.443766	201.690656	200.1365
397	279.858616	278.304167	271.551065	268.433625	261.560661	258.434336	251.560714	248.43434	241.560714	238.43434	231.560714	228.43434	221.560718	218.434393	211.56143	208.443989	201.690878	200.136722
398	279.858819	278.30437	271.551268	268.433828	261.560864	258.434539	251.560917	248.434543	241.560917	238.434543	231.560917	228.434543	221.560921	218.434596	211.561633	208.444192	201.691081	200.136925
399	279.859004	278.304555	271.551453	268.434013	261.561049	258.434724	251.561102	248.434728	241.561103	238.434728	231.561103	228.434729	221.561106	218.434781	211.561818	208.444377	201.691266	200.13711
400	279.859004	278.304555	271.551453	268.434013	261.561049	258.434724	251.561102	248.434728	241.561103	238.434728	231.561103	228.434729	221.561106	218.434781	211.561818	208.444377	201.691266	200.13711
