  1.5004000e+002  1.5003000e+002  1.4998000e+002  1.4995000e+002  1.4999000e+002  1.5003000e+002  1.4999000e+002  1.5002000e+002  1.5000000e+002  1.4998000e+002  1.4998000e+002  1.5002000e+002  1.4998000e+002  1.4998000e+002  1.4995000e+002  1.4996000e+002  1.4997000e+002  1.4995000e+002
  1.5019478e+002  1.5022459e+002  1.5016198e+002  1.5018161e+002  1.5018899e+002  1.5018862e+002  1.5013600e+002  1.5011564e+002  1.5013302e+002  1.5017246e+002  1.5013723e+002  1.5008668e+002  1.5008406e+002  1.5009351e+002  1.5003828e+002  1.5008773e+002  1.5005511e+002  1.5003493e+002
  1.5090765e+002  1.5093512e+002  1.5086634e+002  1.5090128e+002  1.5088250e+002  1.5081744e+002  1.5081865e+002  1.5080359e+002  1.5066480e+002  1.5071720e+002  1.5057965e+002  1.5053207e+002  1.5052327e+002  1.5048567e+002  1.5038812e+002  1.5041053e+002  1.5030175e+002  1.5035923e+002
  1.5242606e+002  1.5246680e+002  1.5231092e+002  1.5229242e+002  1.5210651e+002  1.5214802e+002  1.5202210e+002  1.5196361e+002  1.5185767e+002  1.5174992e+002  1.5150815e+002  1.5144042e+002  1.5130446e+002  1.5134670e+002  1.5100493e+002  1.5092720e+002  1.5087129e+002  1.5084205e+002
  1.5466914e+002  1.5471749e+002  1.5445756e+002  1.5432429e+002  1.5411427e+002  1.5404101e+002  1.5379099e+002  1.5375773e+002  1.5341763e+002  1.5338271e+002  1.5289284e+002  1.5277797e+002  1.5257778e+002  1.5248287e+002  1.5192300e+002  1.5185812e+002  1.5161811e+002  1.5156649e+002
  1.5751693e+002  1.5753681e+002  1.5709274e+002  1.5700256e+002  1.5658826e+002  1.5646808e+002  1.5613379e+002  1.5605360e+002  1.5558909e+002  1.5542879e+002  1.5458064e+002  1.5445039e+002  1.5409566e+002  1.5391537e+002  1.5306721e+002  1.5296696e+002  1.5260267e+002  1.5250260e+002
  1.6099233e+002  1.6090782e+002  1.6035575e+002  1.6022678e+002  1.5953423e+002  1.5945526e+002  1.5881270e+002  1.5867374e+002  1.5808070e+002  1.5792723e+002  1.5671308e+002  1.5652966e+002  1.5594614e+002  1.5574266e+002  1.5447852e+002  1.5434510e+002  1.5371254e+002  1.5362809e+002
  1.6477822e+002  1.6477381e+002  1.6389488e+002  1.6377613e+002  1.6294628e+002  1.6273752e+002  1.6190766e+002  1.6177891e+002  1.6100812e+002  1.6064497e+002  1.5911710e+002  1.5885401e+002  1.5797230e+002  1.5766913e+002  1.5611127e+002  1.5584819e+002  1.5506833e+002  1.5491399e+002
  1.6906028e+002  1.6895102e+002  1.6797027e+002  1.6771184e+002  1.6664949e+002  1.6638105e+002  1.6539869e+002  1.6507024e+002  1.6410629e+002  1.6375860e+002  1.6167709e+002  1.6133947e+002  1.6025393e+002  1.5993622e+002  1.5790472e+002  1.5744711e+002  1.5643476e+002  1.5638558e+002
  1.7360607e+002  1.7339761e+002  1.7223309e+002  1.7184625e+002  1.7066920e+002  1.7030235e+002  1.6905529e+002  1.6867842e+002  1.6743884e+002  1.6692352e+002  1.6454448e+002  1.6396924e+002  1.6270712e+002  1.6220179e+002  1.5981275e+002  1.5931755e+002  1.5809050e+002  1.5786211e+002
  1.7839343e+002  1.7820198e+002  1.7677411e+002  1.7628129e+002  1.7485966e+002  1.7439680e+002  1.7294518e+002  1.7256229e+002  1.7108691e+002  1.7045260e+002  1.6749686e+002  1.6686263e+002  1.6537349e+002  1.6471915e+002  1.6180341e+002  1.6120924e+002  1.5970762e+002  1.5951624e+002
  1.8344883e+002  1.8313113e+002  1.8148219e+002  1.8097686e+002  1.7922263e+002  1.7868724e+002  1.7698301e+002  1.7650757e+002  1.7472806e+002  1.7397498e+002  1.7056709e+002  1.6976406e+002  1.6809927e+002  1.6733613e+002  1.6390825e+002  1.6308533e+002  1.6138110e+002  1.6115347e+002
  1.8862597e+002  1.8832925e+002  1.8634297e+002  1.8574957e+002  1.8382618e+002  1.8324268e+002  1.8126929e+002  1.8063571e+002  1.7860521e+002  1.7775499e+002  1.7381244e+002  1.7292226e+002  1.7090464e+002  1.6994434e+002  1.6613179e+002  1.6511179e+002  1.6322840e+002  1.6285172e+002
  1.9405459e+002  1.9368649e+002  1.9143780e+002  1.9071160e+002  1.8852366e+002  1.8774733e+002  1.8560939e+002  1.8482292e+002  1.8259573e+002  1.8150129e+002  1.7717392e+002  1.7603948e+002  1.7377304e+002  1.7273847e+002  1.6833110e+002  1.6730693e+002  1.6503899e+002  1.6463090e+002
  1.9943947e+002  1.9902799e+002  1.9663276e+002  1.9582977e+002  1.9335285e+002  1.9246967e+002  1.8996275e+002  1.8919937e+002  1.8673077e+002  1.8548612e+002  1.8050564e+002  1.7928094e+002  1.7676066e+002  1.7552581e+002  1.7061533e+002  1.6939102e+002  1.6696410e+002  1.6656259e+002
  2.0508958e+002  2.0466307e+002  2.0183789e+002  2.0099476e+002  1.9825520e+002  1.9723179e+002  1.9454223e+002  1.9355855e+002  1.9083461e+002  1.8942469e+002  1.8395433e+002  1.8263430e+002  1.7983598e+002  1.7844579e+002  1.7295544e+002  1.7161595e+002  1.6882639e+002  1.6838977e+002
  2.1074741e+002  2.1019444e+002  2.0719657e+002  2.0619045e+002  2.0317523e+002  2.0219876e+002  1.9919353e+002  1.9811670e+002  1.9502414e+002  1.9355470e+002  1.8753893e+002  1.8594930e+002  1.8294941e+002  1.8131961e+002  1.7534384e+002  1.7385494e+002  1.7080972e+002  1.7032657e+002
  2.1649834e+002  2.1591775e+002  2.1265490e+002  2.1154344e+002  2.0823005e+002  2.0706813e+002  2.0380472e+002  2.0260233e+002  1.9938841e+002  1.9760589e+002  1.9110016e+002  1.8932737e+002  1.8607292e+002  1.8428994e+002  1.7778421e+002  1.7609236e+002  1.7274898e+002  1.7219811e+002
  2.2227019e+002  2.2165100e+002  2.1821131e+002  2.1686253e+002  2.1336890e+002  2.1210952e+002  2.0855586e+002  2.0724588e+002  2.0364831e+002  2.0174974e+002  1.9468032e+002  1.9280135e+002  1.8924985e+002  1.8732068e+002  1.8025127e+002  1.7837350e+002  1.7473988e+002  1.7419029e+002
  2.2820283e+002  2.2744422e+002  2.2369615e+002  2.2227839e+002  2.1853278e+002  2.1708428e+002  2.1326864e+002  2.1191939e+002  2.0805625e+002  2.0589914e+002  1.9840295e+002  1.9622530e+002  1.9241464e+002  1.9023677e+002  1.8276060e+002  1.8059444e+002  1.7676885e+002  1.7610970e+002
  2.3409779e+002  2.3331908e+002  2.2931137e+002  2.2773325e+002  2.2370423e+002  2.2215520e+002  2.1804615e+002  2.1655621e+002  2.1245590e+002  2.1012815e+002  2.0207267e+002  1.9970423e+002  1.9558264e+002  1.9333398e+002  1.8517852e+002  1.8294190e+002  1.7882291e+002  1.7804350e+002
  2.4005803e+002  2.3918864e+002  2.3487025e+002  2.3319062e+002  2.2887701e+002  2.2720628e+002  2.2282262e+002  2.2121079e+002  2.1685196e+002  2.1437184e+002  2.0571499e+002  2.0324401e+002  1.9879999e+002  1.9633877e+002  1.8768194e+002  1.8528315e+002  1.8089956e+002  1.8001931e+002
  2.4602767e+002  2.4507713e+002  2.4055721e+002  2.3880509e+002  2.3412589e+002  2.3232249e+002  2.2771322e+002  2.2594852e+002  2.2127005e+002  2.1862611e+002  2.0944616e+002  2.0673117e+002  2.0202346e+002  1.9945823e+002  1.9022831e+002  1.8761591e+002  1.8288673e+002  1.8201515e+002
  2.5196181e+002  2.5104974e+002  2.4617756e+002  2.4431218e+002  2.3942656e+002  2.3748966e+002  2.3261396e+002  2.3063555e+002  2.2576650e+002  2.2289753e+002  2.1315306e+002  2.1031284e+002  2.0533038e+002  2.0246990e+002  1.9271547e+002  1.8995827e+002  1.8502268e+002  1.8408937e+002
  2.5797637e+002  2.5697244e+002  2.5189744e+002  2.4981810e+002  2.4461538e+002  2.4261431e+002  2.3749149e+002  2.3543867e+002  2.3015825e+002  2.2714323e+002  2.1687307e+002  2.1382660e+002  2.0855850e+002  2.0556175e+002  1.9524164e+002  1.9221864e+002  1.8704597e+002  1.8603056e+002
  2.6397934e+002  2.6290323e+002  2.5746824e+002  2.5537432e+002  2.4989725e+002  2.4782134e+002  2.4228416e+002  2.4021627e+002  2.3460714e+002  2.3141511e+002  2.2056495e+002  2.1736122e+002  2.1180008e+002  2.0868608e+002  1.9775597e+002  1.9464622e+002  1.8917920e+002  1.8804139e+002
  2.6961593e+002  2.6847845e+002  2.6277706e+002  2.6058013e+002  2.5480223e+002  2.5255306e+002  2.4681503e+002  2.4461362e+002  2.3876922e+002  2.3545256e+002  2.2408956e+002  2.2069095e+002  2.1492012e+002  2.1154122e+002  2.0017829e+002  1.9680417e+002  1.9108633e+002  1.8993690e+002
  2.7448423e+002  2.7334851e+002  2.6748975e+002  2.6508608e+002  2.5920632e+002  2.5684013e+002  2.5081021e+002  2.4847151e+002  2.4247076e+002  2.3893885e+002  2.2721107e+002  2.2359694e+002  2.1757527e+002  2.1405085e+002  2.0222316e+002  1.9872405e+002  1.9278437e+002  1.9157642e+002
  2.7870170e+002  2.7746274e+002  2.7141606e+002  2.6892563e+002  2.6280341e+002  2.6040019e+002  2.5424778e+002  2.5179177e+002  2.4557403e+002  2.4186184e+002  2.2977818e+002  2.2610349e+002  2.1988032e+002  2.1618534e+002  2.0407178e+002  2.0037267e+002  1.9420055e+002  1.9299908e+002
  2.8217454e+002  2.8092816e+002  2.7471688e+002  2.7221134e+002  2.6593001e+002  2.6335139e+002  2.5712984e+002  2.5455813e+002  2.4828676e+002  2.4441177e+002  2.3199885e+002  2.2813107e+002  2.2173976e+002  2.1787169e+002  2.0557889e+002  2.0170727e+002  1.9543604e+002  1.9413688e+002
  2.8510879e+002  2.8382095e+002  2.7754171e+002  2.7492295e+002  2.6854920e+002  2.6582706e+002  2.5956305e+002  2.5685753e+002  2.5041928e+002  2.4643930e+002  2.3392042e+002  2.2989736e+002  2.2337473e+002  2.1937138e+002  2.0678262e+002  2.0288632e+002  1.9648269e+002  1.9512177e+002
  2.8762627e+002  2.8622263e+002  2.7985647e+002  2.7716579e+002  2.7071079e+002  2.6794641e+002  2.6154113e+002  2.5874307e+002  2.5228923e+002  2.4821121e+002  2.3543846e+002  2.3133704e+002  2.2473451e+002  2.2064281e+002  2.0788020e+002  2.0375616e+002  1.9740130e+002  1.9600426e+002
  2.8967676e+002  2.8821246e+002  2.8180606e+002  2.7903377e+002  2.7249435e+002  2.6969806e+002  2.6323832e+002  2.6036803e+002  2.5380561e+002  2.4957501e+002  2.3674171e+002  2.3250742e+002  2.2588215e+002  2.2165757e+002  2.0880443e+002  2.0460813e+002  1.9806887e+002  1.9670088e+002
  2.9139765e+002  2.8988729e+002  2.8339389e+002  2.8061918e+002  2.7397882e+002  2.7111979e+002  2.6460907e+002  2.6172573e+002  2.5508842e+002  2.5083903e+002  2.3775168e+002  2.3357828e+002  2.2682419e+002  2.2254051e+002  2.0952334e+002  2.0525856e+002  1.9862837e+002  1.9723401e+002
  2.9281536e+002  2.9127297e+002  2.8475318e+002  2.8189408e+002  2.7525364e+002  2.7241990e+002  2.6569906e+002  2.6280071e+002  2.5616962e+002  2.5179349e+002  2.3867330e+002  2.3432285e+002  2.2753131e+002  2.2318058e+002  2.1012058e+002  2.0579938e+002  1.9921913e+002  1.9770242e+002
  2.9395702e+002  2.9251607e+002  2.8591841e+002  2.8296187e+002  2.7630015e+002  2.7334866e+002  2.6675650e+002  2.6376009e+002  2.5698431e+002  2.5264186e+002  2.3948588e+002  2.3509881e+002  2.2818919e+002  2.2378183e+002  2.1064606e+002  2.0622886e+002  1.9958735e+002  1.9816177e+002
  2.9489190e+002  2.9345536e+002  2.8685673e+002  2.8383871e+002  2.7714288e+002  2.7417961e+002  2.6749331e+002  2.6455480e+002  2.5771180e+002  2.5325197e+002  2.4009397e+002  2.3566921e+002  2.2869927e+002  2.2426423e+002  2.1106646e+002  2.0669219e+002  1.9997660e+002  1.9847512e+002
  2.9570278e+002  2.9428318e+002  2.8758915e+002  2.8465472e+002  2.7787067e+002  2.7492069e+002  2.6819612e+002  2.6522060e+002  2.5830654e+002  2.5388695e+002  2.4055810e+002  2.3612328e+002  2.2920947e+002  2.2465436e+002  2.1138577e+002  2.0701202e+002  2.0020823e+002  1.9872341e+002
  2.9646695e+002  2.9496644e+002  2.8833156e+002  2.8523501e+002  2.7852757e+002  2.7550518e+002  2.6877717e+002  2.6572895e+002  2.5887896e+002  2.5439604e+002  2.4106543e+002  2.3647700e+002  2.2953473e+002  2.2506601e+002  2.1176568e+002  2.0724890e+002  2.0050174e+002  1.9893571e+002
  2.9703718e+002  2.9546756e+002  2.8877554e+002  2.8577050e+002  2.7904365e+002  2.7594248e+002  2.6925502e+002  2.6619775e+002  2.5929608e+002  2.5475528e+002  2.4141032e+002  2.3683372e+002  2.2991752e+002  2.2531065e+002  2.1201599e+002  2.0741161e+002  2.0062506e+002  1.9910964e+002
  2.9749244e+002  2.9593523e+002  2.8924911e+002  2.8619861e+002  2.7948564e+002  2.7638876e+002  2.6958513e+002  2.6658189e+002  2.5967208e+002  2.5508797e+002  2.4176473e+002  2.3719457e+002  2.3012824e+002  2.2551780e+002  2.1220488e+002  2.0763746e+002  2.0081481e+002  1.9937154e+002
  2.9790856e+002  2.9630502e+002  2.8965727e+002  2.8660389e+002  2.7979752e+002  2.7674750e+002  2.6993043e+002  2.6683380e+002  2.5995881e+002  2.5539524e+002  2.4191868e+002  2.3739882e+002  2.3034555e+002  2.2574541e+002  2.1237920e+002  2.0779256e+002  2.0101653e+002  1.9944670e+002
  2.9817870e+002  2.9666991e+002  2.9000257e+002  2.8685844e+002  2.8007092e+002  2.7706992e+002  2.7016166e+002  2.6713383e+002  2.6018613e+002  2.5561632e+002  2.4221053e+002  2.3754419e+002  2.3049669e+002  2.2589007e+002  2.1252465e+002  2.0787201e+002  2.0112485e+002  1.9957952e+002
  2.9851386e+002  2.9697070e+002  2.9019545e+002  2.8716237e+002  2.8029557e+002  2.7724540e+002  2.7042782e+002  2.6737060e+002  2.6036227e+002  2.5578892e+002  2.4234724e+002  2.3775715e+002  2.3063766e+002  2.2601730e+002  2.1264600e+002  2.0802004e+002  2.0124362e+002  1.9966372e+002
  2.9876320e+002  2.9722640e+002  2.9050462e+002  2.8732408e+002  2.8048956e+002  2.7747174e+002  2.7061640e+002  2.6751132e+002  2.6060409e+002  2.5595944e+002  2.4252463e+002  2.3783306e+002  2.3084351e+002  2.2619166e+002  2.1270726e+002  2.0815020e+002  2.0129608e+002  1.9978236e+002
  2.9889434e+002  2.9737453e+002  2.9062735e+002  2.8754060e+002  2.8067966e+002  2.7756544e+002  2.7073364e+002  2.6766199e+002  2.6076730e+002  2.5611324e+002  2.4257758e+002  2.3799641e+002  2.3094840e+002  2.2622696e+002  2.1285173e+002  2.0822544e+002  2.0135493e+002  1.9977800e+002
  2.9903365e+002  2.9747134e+002  2.9073969e+002  2.8765777e+002  2.8084148e+002  2.7771193e+002  2.7092474e+002  2.6779759e+002  2.6079666e+002  2.5619477e+002  2.4276012e+002  2.3811096e+002  2.3100583e+002  2.2639640e+002  2.1291220e+002  2.0821825e+002  2.0144240e+002  1.9982281e+002
  2.9919642e+002  2.9766204e+002  2.9093670e+002  2.8783049e+002  2.8097974e+002  2.7790573e+002  2.7105405e+002  2.6787230e+002  2.6097615e+002  2.5624773e+002  2.4276565e+002  2.3814981e+002  2.3111871e+002  2.2637261e+002  2.1298099e+002  2.0830066e+002  2.0150037e+002  1.9985856e+002
  2.9932709e+002  2.9774098e+002  2.9100259e+002  2.8796280e+002  2.8107834e+002  2.7791062e+002  2.7109519e+002  2.6802960e+002  2.6105907e+002  2.5633522e+002  2.4290698e+002  2.3817557e+002  2.3114947e+002  2.2647779e+002  2.1296004e+002  2.0838440e+002  2.0154042e+002  1.9989676e+002
  2.9943932e+002  2.9785179e+002  2.9114087e+002  2.8795810e+002  2.8118055e+002  2.7798973e+002  2.7114118e+002  2.6806237e+002  2.6103819e+002  2.5647981e+002  2.4294647e+002  2.3829042e+002  2.3115011e+002  2.2648379e+002  2.1299095e+002  2.0836091e+002  2.0157386e+002  1.9999865e+002
  2.9947855e+002  2.9786983e+002  2.9118683e+002  2.8800158e+002  2.8118146e+002  2.7806805e+002  2.7117690e+002  2.6803540e+002  2.6109816e+002  2.5644596e+002  2.4295166e+002  2.3830169e+002  2.3113785e+002  2.2650762e+002  2.1306383e+002  2.0839009e+002  2.0154047e+002  1.9996398e+002
  2.9902222e+002  2.9747252e+002  2.9078778e+002  2.8763048e+002  2.8075821e+002  2.7766265e+002  2.7076933e+002  2.6768557e+002  2.6074578e+002  2.5605141e+002  2.4262037e+002  2.3787813e+002  2.3078133e+002  2.2618883e+002  2.1271833e+002  2.0798250e+002  2.0116076e+002  1.9966318e+002
  2.9802890e+002  2.9644838e+002  2.8971222e+002  2.8658320e+002  2.7975915e+002  2.7659179e+002  2.6970665e+002  2.6667102e+002  2.5967909e+002  2.5503633e+002  2.4156772e+002  2.3695699e+002  2.2979774e+002  2.2516676e+002  2.1175870e+002  2.0711456e+002  2.0018105e+002  1.9866258e+002
  2.9616099e+002  2.9468980e+002  2.8787245e+002  2.8479202e+002  2.7788647e+002  2.7485762e+002  2.6790096e+002  2.6478376e+002  2.5787007e+002  2.5315441e+002  2.3985763e+002  2.3522391e+002  2.2815264e+002  2.2350869e+002  2.1011246e+002  2.0555548e+002  1.9862052e+002  1.9713131e+002
  2.9369642e+002  2.9223468e+002  2.8541634e+002  2.8228472e+002  2.7544794e+002  2.7235783e+002  2.6547992e+002  2.6236140e+002  2.5535631e+002  2.5076394e+002  2.3758222e+002  2.3288172e+002  2.2582889e+002  2.2113818e+002  2.0796702e+002  2.0337339e+002  1.9643730e+002  1.9494746e+002
  2.9064186e+002  2.8914965e+002  2.8238050e+002  2.7925790e+002  2.7238008e+002  2.6926893e+002  2.6241997e+002  2.5931035e+002  2.5230419e+002  2.4768137e+002  2.3472123e+002  2.3002020e+002  2.2289629e+002  2.1829506e+002  2.0535549e+002  2.0067145e+002  1.9381453e+002  1.9231417e+002
  2.8713936e+002  2.8563677e+002  2.7878694e+002  2.7574353e+002  2.6888485e+002  2.6572283e+002  2.5884299e+002  2.5575245e+002  2.4872560e+002  2.4417818e+002  2.3129054e+002  2.2674487e+002  2.1965042e+002  2.1504455e+002  2.0223750e+002  1.9760891e+002  1.9078147e+002  1.8918069e+002
  2.8318886e+002  2.8159595e+002  2.7486556e+002  2.7177147e+002  2.6485207e+002  2.6174933e+002  2.5493875e+002  2.5173746e+002  2.4480026e+002  2.4024360e+002  2.2759495e+002  2.2302998e+002  2.1588558e+002  2.1139043e+002  1.9875238e+002  1.9415457e+002  1.8728697e+002  1.8573583e+002
  2.7888784e+002  2.7736467e+002  2.7060381e+002  2.6745915e+002  2.6063916e+002  2.5745582e+002  2.5063463e+002  2.4753269e+002  2.4044555e+002  2.3592438e+002  2.2351776e+002  2.1900824e+002  2.1193455e+002  2.0739486e+002  1.9492884e+002  1.9041655e+002  1.8361914e+002  1.8201771e+002
  2.7435281e+002  2.7275942e+002  2.6597818e+002  2.6292305e+002  2.5600256e+002  2.5294872e+002  2.4608702e+002  2.4289456e+002  2.3594786e+002  2.3147631e+002  2.1929208e+002  2.1472215e+002  2.0758986e+002  2.0309977e+002  1.9097616e+002  1.8650351e+002  1.7956667e+002  1.7804499e+002
  2.6951095e+002  2.6796738e+002  2.6116582e+002  2.5811030e+002  2.5118940e+002  2.4814514e+002  2.4122301e+002  2.3810012e+002  2.3114426e+002  2.2664589e+002  2.1473234e+002  2.1025557e+002  2.0313537e+002  1.9866846e+002  1.8668552e+002  1.8230609e+002  1.7541018e+002  1.7386832e+002
  2.6452162e+002  2.6291790e+002  2.5621608e+002  2.5304024e+002  2.4615899e+002  2.4311437e+002  2.3621189e+002  2.3303865e+002  2.2613402e+002  2.2164189e+002  2.1000562e+002  2.0551508e+002  1.9849768e+002  1.9402701e+002  1.8235136e+002  1.7794818e+002  1.7107358e+002  1.6957157e+002
  2.5932764e+002  2.5776379e+002  2.5103175e+002  2.4789564e+002  2.4099410e+002  2.3787920e+002  2.3106642e+002  2.2790290e+002  2.2086986e+002  2.1652656e+002  2.0512289e+002  2.0074120e+002  1.9363726e+002  1.8924544e+002  1.7780240e+002  1.7350806e+002  1.6656513e+002  1.6507301e+002
  2.5399637e+002  2.5244241e+002  2.4572020e+002  2.4264386e+002  2.3569208e+002  2.3260693e+002  2.2573391e+002  2.2255018e+002  2.1565908e+002  2.1135680e+002  2.0009002e+002  1.9581936e+002  1.8872956e+002  1.8438880e+002  1.7316264e+002  1.6887933e+002  1.6201840e+002  1.6040621e+002
  2.4856062e+002  2.4701659e+002  2.4033422e+002  2.3717770e+002  2.3026572e+002  2.2714037e+002  2.2032714e+002  2.1714326e+002  2.1014442e+002  2.0594501e+002  1.9493856e+002  1.9070082e+002  1.8359575e+002  1.7933791e+002  1.6837210e+002  1.6415166e+002  1.5725305e+002  1.5574083e+002
  2.4311944e+002  2.4150533e+002  2.3477284e+002  2.3165616e+002  2.2481402e+002  2.2160849e+002  2.1482509e+002  2.1160112e+002  2.0470484e+002  2.0046986e+002  1.8970654e+002  1.8552327e+002  1.7847351e+002  1.7431016e+002  1.6348747e+002  1.5938146e+002  1.5253546e+002  1.5097324e+002
  2.3743867e+002  2.3587451e+002  2.2914191e+002  2.2607510e+002  2.1915282e+002  2.1606716e+002  2.0914361e+002  2.0601958e+002  1.9906615e+002  1.9494688e+002  1.8449896e+002  1.8034148e+002  1.7320754e+002  1.6913000e+002  1.5861271e+002  1.5450242e+002  1.4761930e+002  1.4605710e+002
  2.3183155e+002  2.3024734e+002  2.2349465e+002  2.2034774e+002  2.1346534e+002  2.1042956e+002  2.0351590e+002  2.0039186e+002  1.9335152e+002  1.8928905e+002  1.7914835e+002  1.7497778e+002  1.6794013e+002  1.6386950e+002  1.5364945e+002  1.4952596e+002  1.4269596e+002  1.4112382e+002
  2.2607910e+002  2.2455485e+002  2.1781209e+002  2.1467509e+002  2.0781260e+002  2.0468672e+002  1.9778296e+002  1.9464895e+002  1.8764191e+002  1.8367716e+002  1.7373518e+002  1.6962244e+002  1.6266151e+002  1.5861872e+002  1.4857738e+002  1.4461160e+002  1.3778493e+002  1.3615289e+002
  2.2029052e+002  2.1873624e+002  2.1205342e+002  2.0886635e+002  2.0203378e+002  1.9892781e+002  1.9202397e+002  1.8891003e+002  1.8192650e+002  1.7792021e+002  1.6823816e+002  1.6427402e+002  1.5721018e+002  1.5323601e+002  1.4357460e+002  1.3964729e+002  1.3281415e+002  1.3123222e+002
  2.1451348e+002  2.1294917e+002  2.0623630e+002  2.0308917e+002  1.9621653e+002  1.9305050e+002  1.8617659e+002  1.8308274e+002  1.7613289e+002  1.7221571e+002  1.6277457e+002  1.5885968e+002  1.5185327e+002  1.4790836e+002  1.3844788e+002  1.3455965e+002  1.2777022e+002  1.2616842e+002
  2.0861437e+002  2.0707003e+002  2.0033713e+002  1.9724994e+002  1.9034725e+002  1.8723116e+002  1.8038720e+002  1.7718348e+002  1.7022746e+002  1.6647990e+002  1.5728049e+002  1.5343539e+002  1.4638670e+002  1.4252159e+002  1.3338283e+002  1.2947422e+002  1.2268863e+002  1.2109699e+002
  2.0274852e+002  2.0125416e+002  1.9452122e+002  1.9136399e+002  1.8452125e+002  1.8136512e+002  1.7445112e+002  1.7133755e+002  1.6437549e+002  1.6064798e+002  1.5170096e+002  1.4794611e+002  1.4084539e+002  1.3708054e+002  1.2824417e+002  1.2441561e+002  1.1761400e+002  1.1605254e+002
  1.9696037e+002  1.9535600e+002  1.8865303e+002  1.8545576e+002  1.7858299e+002  1.7553681e+002  1.6858278e+002  1.6551938e+002  1.5850141e+002  1.5485432e+002  1.4612022e+002  1.4242599e+002  1.3540347e+002  1.3167925e+002  1.2299580e+002  1.1929765e+002  1.1252013e+002  1.1088888e+002
  1.9104363e+002  1.8942924e+002  1.8271626e+002  1.7962896e+002  1.7268615e+002  1.6953994e+002  1.6275589e+002  1.5961269e+002  1.5264889e+002  1.4899252e+002  1.4056178e+002  1.3687849e+002  1.2991436e+002  1.2618109e+002  1.1782101e+002  1.1421357e+002  1.0740024e+002  1.0577920e+002
  1.8516904e+002  1.8361464e+002  1.7682163e+002  1.7369431e+002  1.6681148e+002  1.6370524e+002  1.5686117e+002  1.5374818e+002  1.4678866e+002  1.4315330e+002  1.3501302e+002  1.3138096e+002  1.2440540e+002  1.2083338e+002  1.1264376e+002  1.0911733e+002  1.0223828e+002  1.0073747e+002
  1.7967428e+002  1.7804987e+002  1.7129685e+002  1.6819951e+002  1.6129665e+002  1.5821039e+002  1.5132631e+002  1.4817355e+002  1.4126836e+002  1.3770322e+002  1.2979019e+002  1.2626860e+002  1.1924174e+002  1.1577019e+002  1.0786782e+002  1.0429159e+002  9.7506881e+001  9.5936318e+001
  1.7480506e+002  1.7323065e+002  1.6648761e+002  1.6337025e+002  1.5650738e+002  1.5334110e+002  1.4643701e+002  1.4340450e+002  1.3646371e+002  1.3295569e+002  1.2522159e+002  1.2174739e+002  1.1477934e+002  1.1129518e+002  1.0361174e+002  1.0016264e+002  9.3272334e+001  9.1732031e+001
  1.7070255e+002  1.6908813e+002  1.6234508e+002  1.5926771e+002  1.5240482e+002  1.4921853e+002  1.4234443e+002  1.3925219e+002  1.3230582e+002  1.2886002e+002  1.2136615e+002  1.1796444e+002  1.1098526e+002  1.0744360e+002  9.9980387e+001  9.6523510e+001  8.9727635e+001  8.8147603e+001
  1.6724180e+002  1.6569737e+002  1.5896431e+002  1.5578693e+002  1.4887403e+002  1.4578772e+002  1.3887363e+002  1.3581166e+002  1.2891971e+002  1.2547041e+002  1.1803410e+002  1.1473918e+002  1.0776885e+002  1.0437397e+002  9.6918321e+001  9.3517943e+001  8.6776490e+001  8.5196739e+001
  1.6430862e+002  1.6276419e+002  1.5602112e+002  1.5287373e+002  1.4602082e+002  1.4289450e+002  1.3609042e+002  1.3291873e+002  1.2596114e+002  1.2266250e+002  1.1533770e+002  1.1197373e+002  1.0508213e+002  1.0162821e+002  9.4394070e+001  9.1004355e+001  8.4267264e+001  8.2717803e+001
  1.6192301e+002  1.6037858e+002  1.5367551e+002  1.5052811e+002  1.4360518e+002  1.4046886e+002  1.3367478e+002  1.3053338e+002  1.2361004e+002  1.2031651e+002  1.1308270e+002  1.0978416e+002  1.0283105e+002  9.9442545e+001  9.2259394e+001  8.8934800e+001  8.2131952e+001  8.0552788e+001
  1.5995678e+002  1.5837234e+002  1.5163927e+002  1.4855186e+002  1.4167893e+002  1.3854260e+002  1.3161853e+002  1.2850743e+002  1.2159815e+002  1.1828469e+002  1.1119570e+002  1.0787752e+002  1.0094256e+002  9.7624419e+001  9.0506094e+001  8.7261558e+001  8.0452783e+001  7.8823921e+001
  1.5820387e+002  1.5673943e+002  1.4996635e+002  1.4681894e+002  1.3998600e+002  1.3681966e+002  1.3000561e+002  1.2681481e+002  1.1989938e+002  1.1668147e+002  1.0957453e+002  1.0630221e+002  9.9404960e+001  9.6092684e+001  8.9046408e+001  8.5777426e+001  7.9012506e+001  7.7413949e+001
  1.5686896e+002  1.5535452e+002  1.4860144e+002  1.4545402e+002  1.3855108e+002  1.3545474e+002  1.2859070e+002  1.2539020e+002  1.1850838e+002  1.1529208e+002  1.0823705e+002  1.0503664e+002  9.8106598e+001  9.4786240e+001  8.7751871e+001  8.4514500e+001  7.7803183e+001  7.6244932e+001
  1.5568589e+002  1.5409144e+002  1.4743836e+002  1.4431094e+002  1.3741799e+002  1.3424165e+002  1.2739762e+002  1.2421743e+002  1.1738893e+002  1.1411083e+002  1.0715962e+002  1.0393773e+002  9.7014342e+001  9.3812494e+001  8.6751945e+001  8.3512779e+001  7.6804791e+001  7.5176843e+001
  1.5467611e+002  1.5322167e+002  1.4645858e+002  1.4330115e+002  1.3644820e+002  1.3330186e+002  1.2638785e+002  1.2325795e+002  1.1643250e+002  1.1317969e+002  1.0618583e+002  1.0299952e+002  9.6042224e+001  9.2835963e+001  8.5832768e+001  8.2668889e+001  7.5873943e+001  7.4336295e+001
  1.5390751e+002  1.5237307e+002  1.4556998e+002  1.4250255e+002  1.3562960e+002  1.3244325e+002  1.2558926e+002  1.2247965e+002  1.1554695e+002  1.1236695e+002  1.0542525e+002  1.0219204e+002  9.5280258e+001  9.2167094e+001  8.5136062e+001  8.2024988e+001  7.5252799e+001  7.3605442e+001
  1.5328331e+002  1.5163886e+002  1.4497577e+002  1.4181834e+002  1.3499538e+002  1.3181904e+002  1.2498506e+002  1.2176574e+002  1.1491551e+002  1.1178621e+002  1.0475250e+002  1.0160028e+002  9.4703446e+001  9.1541270e+001  8.4598227e+001  8.1397857e+001  7.4658142e+001  7.3021067e+001
  1.5269115e+002  1.5109671e+002  1.4437361e+002  1.4121618e+002  1.3441323e+002  1.3122688e+002  1.2436292e+002  1.2130387e+002  1.1439584e+002  1.1121548e+002  1.0427639e+002  1.0107337e+002  9.4140955e+001  9.0987982e+001  8.4049562e+001  8.0918126e+001  7.4170618e+001  7.2593812e+001
  1.5224243e+002  1.5063799e+002  1.4388489e+002  1.4074746e+002  1.3391450e+002  1.3080815e+002  1.2394421e+002  1.2076542e+002  1.1394935e+002  1.1077643e+002  1.0375925e+002  1.0065393e+002  9.3735417e+001  9.0540147e+001  8.3603628e+001  8.0529639e+001  7.3734086e+001  7.2217536e+001
  1.5187161e+002  1.5025717e+002  1.4351407e+002  1.4035663e+002  1.3348367e+002  1.3042732e+002  1.2348341e+002  1.2044485e+002  1.1356050e+002  1.1040378e+002  1.0340630e+002  1.0023742e+002  9.3362358e+001  9.0273529e+001  8.3326710e+001  8.0138920e+001  7.3385088e+001  7.1818779e+001
  1.5147575e+002  1.4997130e+002  1.4322820e+002  1.4006077e+002  1.3323781e+002  1.3006146e+002  1.2322756e+002  1.2001923e+002  1.1317639e+002  1.1004483e+002  1.0317526e+002  9.9981763e+001  9.3069713e+001  8.9966267e+001  8.3037361e+001  7.9844729e+001  7.3072405e+001  7.1536321e+001
  1.5125404e+002  1.4971959e+002  1.4291650e+002  1.3984906e+002  1.3289610e+002  1.2980975e+002  1.2287587e+002  1.1978775e+002  1.1290622e+002  1.0976895e+002  1.0291584e+002  9.9706845e+001  9.2877426e+001  8.9638475e+001  8.2796033e+001  7.9677689e+001  7.2876680e+001  7.1270804e+001
  1.5103749e+002  1.4945305e+002  1.4265995e+002  1.3958251e+002  1.3269955e+002  1.2960320e+002  1.2271934e+002  1.1955141e+002  1.1267103e+002  1.0955731e+002  1.0269949e+002  9.9454249e+001  9.2657115e+001  8.9461918e+001  8.2614760e+001  7.9389977e+001  7.2640111e+001  7.1114426e+001
  1.5079860e+002  1.4930415e+002  1.4248105e+002  1.3943361e+002  1.3249065e+002  1.2939430e+002  1.2247046e+002  1.1936271e+002  1.1250332e+002  1.0941256e+002  1.0241906e+002  9.9286950e+001  9.2491795e+001  8.9299730e+001  8.2366896e+001  7.9225071e+001  7.2496194e+001  7.1000684e+001
  1.5065110e+002  1.4912665e+002  1.4231355e+002  1.3917611e+002  1.3238315e+002  1.2923680e+002  1.2240298e+002  1.1925539e+002  1.1237685e+002  1.0921854e+002  1.0228859e+002  9.9169090e+001  9.2265641e+001  8.9186192e+001  8.2286898e+001  7.9117528e+001  7.2369504e+001  7.0774153e+001
  1.5053977e+002  1.4896533e+002  1.4219223e+002  1.3907479e+002  1.3225182e+002  1.2904548e+002  1.2223167e+002  1.1908422e+002  1.1224642e+002  1.0912015e+002  1.0218310e+002  9.9055782e+001  9.2123801e+001  8.9076533e+001  8.2140141e+001  7.9062808e+001  7.2315518e+001  7.0670311e+001
  1.5041028e+002  1.4889583e+002  1.4207273e+002  1.3903529e+002  1.3214233e+002  1.2897598e+002  1.2208219e+002  1.1893488e+002  1.1215770e+002  1.0897312e+002  1.0208845e+002  9.8932951e+001  9.2112229e+001  8.8986780e+001  8.2072768e+001  7.8927125e+001  7.2140465e+001  7.0655387e+001
  1.5028898e+002  1.4879453e+002  1.4205143e+002  1.3884399e+002  1.3206103e+002  1.2884468e+002  1.2201091e+002  1.1884371e+002  1.1198707e+002  1.0883390e+002  1.0200118e+002  9.8907196e+001  9.2007553e+001  8.8873621e+001  8.1951562e+001  7.8827321e+001  7.2111200e+001  7.0486238e+001
  1.5023350e+002  1.4866905e+002  1.4194595e+002  1.3879851e+002  1.3191555e+002  1.2882920e+002  1.2201545e+002  1.1883835e+002  1.1195217e+002  1.0880016e+002  1.0195904e+002  9.8826329e+001  9.1947607e+001  8.8814941e+001  8.1944486e+001  7.8801408e+001  7.2035747e+001  7.0490888e+001
  1.5037654e+002  1.4886209e+002  1.4202898e+002  1.3899155e+002  1.3210858e+002  1.2898224e+002  1.2208849e+002  1.1899149e+002  1.1210571e+002  1.0896466e+002  1.0207486e+002  9.8913201e+001  9.2035264e+001  8.8973653e+001  8.2034517e+001  7.8952402e+001  7.2147133e+001  7.0662366e+001
  1.5076319e+002  1.4926874e+002  1.4248564e+002  1.3942820e+002  1.3251524e+002  1.2939890e+002  1.2246516e+002  1.1939824e+002  1.1247279e+002  1.0934254e+002  1.0253383e+002  9.9333048e+001  9.2495780e+001  8.9355048e+001  8.2536996e+001  7.9375680e+001  7.2560746e+001  7.1096059e+001
  1.5159744e+002  1.5000299e+002  1.4329989e+002  1.4015245e+002  1.3324949e+002  1.3019315e+002  1.2328943e+002  1.2019258e+002  1.1324741e+002  1.1013783e+002  1.0328000e+002  1.0015996e+002  9.3203255e+001  9.0163258e+001  8.3236097e+001  8.0165444e+001  7.3400794e+001  7.1816178e+001
  1.5256904e+002  1.5110459e+002  1.4429149e+002  1.4119405e+002  1.3433108e+002  1.3118474e+002  1.2431103e+002  1.2122425e+002  1.1434932e+002  1.1115029e+002  1.0432320e+002  1.0120376e+002  9.4297543e+001  9.1208157e+001  8.4321730e+001  8.1131626e+001  7.4407216e+001  7.2912663e+001
  1.5391540e+002  1.5232095e+002  1.4564785e+002  1.4255041e+002  1.3560745e+002  1.3253111e+002  1.2558741e+002  1.2253068e+002  1.1559596e+002  1.1247738e+002  1.0558089e+002  1.0247197e+002  9.5586156e+001  9.2527279e+001  8.5641458e+001  8.2461809e+001  7.5767603e+001  7.4193105e+001
  1.5544607e+002  1.5385162e+002  1.4713852e+002  1.4405108e+002  1.3711811e+002  1.3403178e+002  1.2717809e+002  1.2400141e+002  1.1712686e+002  1.1397865e+002  1.0715267e+002  1.0396417e+002  9.7118701e+001  9.4000249e+001  8.7104926e+001  8.4035654e+001  7.7271621e+001  7.5737171e+001
  1.5715594e+002  1.5564149e+002  1.4879838e+002  1.4574094e+002  1.3881798e+002  1.3567164e+002  1.2884796e+002  1.2572132e+002  1.1884692e+002  1.1570903e+002  1.0889345e+002  1.0570531e+002  9.8890132e+001  9.5662035e+001  8.8857122e+001  8.5708163e+001  7.8944276e+001  7.7389867e+001
  1.5898535e+002  1.5743090e+002  1.5068780e+002  1.4760036e+002  1.4065740e+002  1.3757106e+002  1.3064738e+002  1.2759078e+002  1.2067650e+002  1.1758887e+002  1.1074364e+002  1.0756578e+002  1.0073086e+002  9.7603055e+001  9.0718481e+001  8.7549781e+001  8.0846018e+001  7.9221644e+001
  1.6091950e+002  1.5941505e+002  1.5264195e+002  1.4958451e+002  1.4263155e+002  1.3953521e+002  1.3271154e+002  1.2954497e+002  1.2262080e+002  1.1957338e+002  1.1268842e+002  1.0954082e+002  1.0263610e+002  9.9548544e+001  9.2684249e+001  8.9495764e+001  8.2832105e+001  8.1257763e+001
  1.6302767e+002  1.6153322e+002  1.5476012e+002  1.5167268e+002  1.4472971e+002  1.4159338e+002  1.3478971e+002  1.3164317e+002  1.2474908e+002  1.2167184e+002  1.1471712e+002  1.1165972e+002  1.0473518e+002  1.0164782e+002  9.4703760e+001  9.1605453e+001  8.4881882e+001  8.3347567e+001
  1.6516256e+002  1.6363811e+002  1.5693501e+002  1.5383757e+002  1.4692460e+002  1.4375827e+002  1.3686461e+002  1.3375810e+002  1.2689408e+002  1.2381699e+002  1.1695245e+002  1.1383522e+002  1.0694083e+002  1.0379365e+002  9.6869775e+001  9.3781616e+001  8.7068119e+001  8.5473827e+001
  1.6747977e+002  1.6591532e+002  1.5913222e+002  1.5607478e+002  1.4911181e+002  1.4601548e+002  1.3917183e+002  1.3607533e+002  1.2916138e+002  1.2600441e+002  1.1911003e+002  1.1601294e+002  1.0917867e+002  1.0607164e+002  9.9177918e+001  9.6039882e+001  8.9286446e+001  8.7702174e+001
  1.6972727e+002  1.6822282e+002  1.6140972e+002  1.5830228e+002  1.5139932e+002  1.4837299e+002  1.4148933e+002  1.3827286e+002  1.3139896e+002  1.2836209e+002  1.2147784e+002  1.1829087e+002  1.1139671e+002  1.0827979e+002  1.0149620e+002  9.8298266e+001  9.1604883e+001  8.9970628e+001
  1.7211505e+002  1.7051060e+002  1.6374750e+002  1.6062006e+002  1.5374710e+002  1.5065077e+002  1.4377712e+002  1.4066066e+002  1.3380680e+002  1.3067002e+002  1.2374588e+002  1.2071901e+002  1.1376493e+002  1.1068811e+002  1.0382463e+002  1.0071678e+002  9.3873440e+001  9.2359200e+001
  1.7448475e+002  1.7294030e+002  1.6615720e+002  1.6309976e+002  1.5621680e+002  1.5304047e+002  1.4620682e+002  1.4311037e+002  1.3617655e+002  1.3302984e+002  1.2620579e+002  1.2307900e+002  1.1613500e+002  1.1301826e+002  1.0623487e+002  1.0310709e+002  9.6353786e+001  9.4749559e+001
  1.7689940e+002  1.7535495e+002  1.6861185e+002  1.6544441e+002  1.5863145e+002  1.5547512e+002  1.4860148e+002  1.4548504e+002  1.3863125e+002  1.3544460e+002  1.2856062e+002  1.2553390e+002  1.1862996e+002  1.1543329e+002  1.0861997e+002  1.0554225e+002  9.8698977e+001  9.7164760e+001
  1.7934320e+002  1.7781875e+002  1.7108565e+002  1.6788821e+002  1.6102524e+002  1.5793891e+002  1.5105528e+002  1.4794885e+002  1.4104509e+002  1.3788848e+002  1.3111456e+002  1.2795790e+002  1.2110401e+002  1.1794740e+002  1.1106414e+002  1.0795647e+002  1.0115322e+002  9.9689013e+001
  1.8180129e+002  1.8028684e+002  1.7355374e+002  1.7044630e+002  1.6356334e+002  1.6044701e+002  1.5349337e+002  1.5036695e+002  1.4352321e+002  1.4037664e+002  1.3350278e+002  1.3043616e+002  1.2352232e+002  1.2042575e+002  1.1349255e+002  1.1040491e+002  1.0370169e+002  1.0213749e+002
  1.8432965e+002  1.8278520e+002  1.7601210e+002  1.7291466e+002  1.6600169e+002  1.6288536e+002  1.5608173e+002  1.5294532e+002  1.4603160e+002  1.4296506e+002  1.3599123e+002  1.3290466e+002  1.2606085e+002  1.2294433e+002  1.1605116e+002  1.1295356e+002  1.0614036e+002  1.0460616e+002
  1.8684490e+002  1.8528045e+002  1.7850735e+002  1.7540990e+002  1.6851694e+002  1.6538061e+002  1.5860698e+002  1.5546057e+002  1.4856687e+002  1.4539036e+002  1.3853657e+002  1.3538003e+002  1.2851625e+002  1.2537976e+002  1.1858663e+002  1.1543905e+002  1.0871586e+002  1.0714168e+002
  1.8938423e+002  1.8786978e+002  1.8104668e+002  1.7796924e+002  1.7110628e+002  1.6793995e+002  1.6108632e+002  1.5792991e+002  1.5104622e+002  1.4799974e+002  1.4110597e+002  1.3796946e+002  1.3107571e+002  1.2790925e+002  1.2111614e+002  1.1797859e+002  1.1125541e+002  1.0967123e+002
  1.9195531e+002  1.9042086e+002  1.8363776e+002  1.8054032e+002  1.7358736e+002  1.7048103e+002  1.6363740e+002  1.6049100e+002  1.5358732e+002  1.5046085e+002  1.4359711e+002  1.4053062e+002  1.3366689e+002  1.3051045e+002  1.2359737e+002  1.2052984e+002  1.1372667e+002  1.1225250e+002
  1.9449618e+002  1.9295173e+002  1.8611863e+002  1.8307119e+002  1.7612823e+002  1.7309190e+002  1.6622827e+002  1.6302188e+002  1.5614820e+002  1.5309175e+002  1.4622803e+002  1.4307156e+002  1.3619785e+002  1.3308143e+002  1.2620837e+002  1.2301085e+002  1.1633770e+002  1.1478352e+002
  1.9707522e+002  1.9553077e+002  1.8872767e+002  1.8560023e+002  1.7869726e+002  1.7557094e+002  1.6872731e+002  1.6556092e+002  1.5869725e+002  1.5562082e+002  1.4868711e+002  1.4556066e+002  1.3875696e+002  1.3558055e+002  1.2875751e+002  1.2564001e+002  1.1887686e+002  1.1733269e+002
  1.9960106e+002  1.9804662e+002  1.9134351e+002  1.8818607e+002  1.8125311e+002  1.7820678e+002  1.7127316e+002  1.6814677e+002  1.6126311e+002  1.5814668e+002  1.5130299e+002  1.4813655e+002  1.4134286e+002  1.3817647e+002  1.3135344e+002  1.2816595e+002  1.2143281e+002  1.1991864e+002
  2.0221259e+002  2.0057814e+002  1.9390504e+002  1.9071759e+002  1.8384463e+002  1.8078830e+002  1.7391468e+002  1.7074829e+002  1.6384464e+002  1.6077822e+002  1.5389454e+002  1.5077811e+002  1.4385444e+002  1.4075806e+002  1.3386504e+002  1.3072755e+002  1.2405442e+002  1.2240025e+002
  2.0474884e+002  2.0321439e+002  1.9645129e+002  1.9329385e+002  1.8640089e+002  1.8333456e+002  1.7647093e+002  1.7332455e+002  1.6647090e+002  1.6335449e+002  1.5644082e+002  1.5332440e+002  1.4647073e+002  1.4333436e+002  1.3640135e+002  1.3331388e+002  1.2655074e+002  1.2503658e+002
  2.0729904e+002  2.0574459e+002  1.9905149e+002  1.9587405e+002  1.8898109e+002  1.8585476e+002  1.7899114e+002  1.7594475e+002  1.6903111e+002  1.6586470e+002  1.5898104e+002  1.5589463e+002  1.4901097e+002  1.4585461e+002  1.3901161e+002  1.3589413e+002  1.2913100e+002  1.2765684e+002
  2.0992253e+002  2.0839809e+002  2.0163498e+002  1.9845754e+002  1.9159458e+002  1.8848825e+002  1.8156463e+002  1.7847825e+002  1.7161461e+002  1.6844821e+002  1.6162455e+002  1.5846814e+002  1.5166449e+002  1.4845813e+002  1.4159514e+002  1.3846767e+002  1.3176455e+002  1.3019038e+002
  2.1250877e+002  2.1099432e+002  2.0421122e+002  2.0112378e+002  1.9420082e+002  1.9109449e+002  1.8416087e+002  1.8106448e+002  1.7425085e+002  1.7108445e+002  1.6417080e+002  1.6104440e+002  1.5423075e+002  1.5103440e+002  1.4420141e+002  1.4104395e+002  1.3436082e+002  1.3272666e+002
  2.1508729e+002  2.1349285e+002  2.0679974e+002  2.0368230e+002  1.9677934e+002  1.9368301e+002  1.8675939e+002  1.8371301e+002  1.7680937e+002  1.7364298e+002  1.6679933e+002  1.6371294e+002  1.5682929e+002  1.5366295e+002  1.4673996e+002  1.4369250e+002  1.3690938e+002  1.3537522e+002
  2.1766772e+002  2.1610328e+002  2.0935017e+002  2.0629273e+002  1.9942977e+002  1.9629344e+002  1.8941982e+002  1.8623344e+002  1.7939981e+002  1.7622342e+002  1.6936977e+002  1.6624338e+002  1.5940974e+002  1.5628340e+002  1.4934042e+002  1.4624296e+002  1.3955984e+002  1.3792568e+002
  2.2025975e+002  2.1874530e+002  2.1197219e+002  2.0883475e+002  2.0196179e+002  1.9886547e+002  1.9199184e+002  1.8880546e+002  1.8196183e+002  1.7887544e+002  1.7200180e+002  1.6880541e+002  1.6200178e+002  1.5889544e+002  1.5194246e+002  1.4882501e+002  1.4205189e+002  1.4053773e+002
  2.2282309e+002  2.2129864e+002  2.1456554e+002  2.1139810e+002  2.0452514e+002  2.0148881e+002  1.9452519e+002  1.9145881e+002  1.8453518e+002  1.8144879e+002  1.7460516e+002  1.7143877e+002  1.6455514e+002  1.6138880e+002  1.5459582e+002  1.5145837e+002  1.4467525e+002  1.4310110e+002
  2.2543755e+002  2.2390310e+002  2.1717999e+002  2.1406255e+002  2.0718959e+002  2.0398326e+002  1.9714964e+002  1.9408327e+002  1.8720963e+002  1.8405325e+002  1.7718962e+002  1.7398323e+002  1.6711960e+002  1.6407326e+002  1.5720029e+002  1.5399284e+002  1.4730972e+002  1.4569557e+002
  2.2800292e+002  2.2644847e+002  2.1969537e+002  2.1666793e+002  2.0978497e+002  2.0666864e+002  1.9977502e+002  1.9662864e+002  1.8978501e+002  1.8664863e+002  1.7977500e+002  1.7663861e+002  1.6971498e+002  1.6666865e+002  1.5976568e+002  1.5667823e+002  1.4983511e+002  1.4836095e+002
  2.3069906e+002  2.2910462e+002  2.2231151e+002  2.1920407e+002  2.1230111e+002  2.0917478e+002  2.0233116e+002  1.9922479e+002  1.9238116e+002  1.8927478e+002  1.8234114e+002  1.7921476e+002  1.7238113e+002  1.6922480e+002  1.6233183e+002  1.5918438e+002  1.5244127e+002  1.5089711e+002
  2.3325585e+002  2.3170140e+002  2.2498830e+002  2.2178086e+002  2.1494789e+002  2.1182157e+002  2.0495795e+002  2.0177157e+002  1.9489794e+002  1.9178156e+002  1.8496793e+002  1.8185155e+002  1.7489792e+002  1.7181159e+002  1.6491862e+002  1.6180118e+002  1.5504806e+002  1.5352391e+002
  2.3588317e+002  2.3431872e+002  2.2756562e+002  2.2446818e+002  2.1752521e+002  2.1443889e+002  2.0751527e+002  2.0438889e+002  1.9758526e+002  1.9442888e+002  1.8749525e+002  1.8437887e+002  1.7754525e+002  1.7436892e+002  1.6749595e+002  1.6440850e+002  1.5771539e+002  1.5612123e+002
  2.3843093e+002  2.3683648e+002  2.3014338e+002  2.2706594e+002  2.2013298e+002  2.1704665e+002  2.1011303e+002  2.0704665e+002  2.0016303e+002  1.9701665e+002  1.9013302e+002  1.8701664e+002  1.8018301e+002  1.7697669e+002  1.7018372e+002  1.6704627e+002  1.6032316e+002  1.5866900e+002
  2.4102907e+002  2.3951462e+002  2.3275152e+002  2.2957408e+002  2.2273111e+002  2.1959479e+002  2.1271117e+002  2.0962479e+002  2.0279116e+002  1.9961479e+002  1.9273116e+002  1.8962478e+002  1.8279115e+002  1.7963483e+002  1.7271186e+002  1.6963441e+002  1.6282130e+002  1.6135715e+002
  2.4364751e+002  2.4205307e+002  2.3535996e+002  2.3226252e+002  2.2537956e+002  2.2222323e+002  2.1535961e+002  2.1224324e+002  2.0533961e+002  2.0218323e+002  1.9532960e+002  1.9216323e+002  1.8533960e+002  1.8222327e+002  1.7539031e+002  1.7224287e+002  1.6543975e+002  1.6391560e+002
  2.4624622e+002  2.4468177e+002  2.3790867e+002  2.3480123e+002  2.2795826e+002  2.2485194e+002  2.1790832e+002  2.1485194e+002  2.0791831e+002  2.0484194e+002  1.9791831e+002  1.9481193e+002  1.8788831e+002  1.8483198e+002  1.7789902e+002  1.7480157e+002  1.6807846e+002  1.6656430e+002
  2.4883514e+002  2.4733069e+002  2.4054759e+002  2.3738015e+002  2.3048718e+002  2.2743086e+002  2.2050724e+002  2.1743086e+002  2.1048723e+002  2.0738086e+002  2.0050723e+002  1.9744086e+002  1.9053723e+002  1.8740090e+002  1.8053794e+002  1.7747050e+002  1.7071738e+002  1.6912323e+002
  2.5144424e+002  2.4992979e+002  2.4307669e+002  2.3996925e+002  2.3308628e+002  2.3003996e+002  2.2313634e+002  2.1995996e+002  2.1312633e+002  2.0997996e+002  2.0316633e+002  1.9996996e+002  1.9310633e+002  1.9004000e+002  1.8312704e+002  1.7999960e+002  1.7331649e+002  1.7175233e+002
  2.5399349e+002  2.5252904e+002  2.4572593e+002  2.4257849e+002  2.3570553e+002  2.3260921e+002  2.2570558e+002  2.2263921e+002  2.1572558e+002  2.1264921e+002  2.0577558e+002  2.0262921e+002  1.9571558e+002  1.9260925e+002  1.8576629e+002  1.8261885e+002  1.7587574e+002  1.7428158e+002
  2.5666286e+002  2.5505841e+002  2.4832531e+002  2.4520787e+002  2.3834490e+002  2.3519858e+002  2.2831496e+002  2.2516858e+002  2.1837496e+002  2.1515858e+002  2.0836496e+002  2.0524858e+002  1.9838496e+002  1.9524863e+002  1.8838567e+002  1.8517822e+002  1.7851511e+002  1.7687096e+002
  2.5925234e+002  2.5770789e+002  2.5096479e+002  2.4775735e+002  2.4098438e+002  2.3784806e+002  2.3095444e+002  2.2781806e+002  2.2098443e+002  2.1775806e+002  2.1088443e+002  2.0780806e+002  2.0089444e+002  1.9775811e+002  1.9091514e+002  1.8785770e+002  1.8105459e+002  1.7947044e+002
  2.6181190e+002  2.6024745e+002  2.5349435e+002  2.5041691e+002  2.4351395e+002  2.4042762e+002  2.3356400e+002  2.3041762e+002  2.2348400e+002  2.2039762e+002  2.1354400e+002  2.1035762e+002  2.0356400e+002  2.0041767e+002  1.9358471e+002  1.9038727e+002  1.8363416e+002  1.8206000e+002
  2.6439089e+002  2.6289644e+002  2.5615334e+002  2.5293590e+002  2.4610294e+002  2.4302661e+002  2.3611299e+002  2.3293661e+002  2.2609299e+002  2.2293661e+002  2.1612299e+002  2.1296661e+002  2.0609299e+002  2.0301666e+002  1.9607370e+002  1.9294626e+002  1.8625315e+002  1.8465899e+002
  2.6680408e+002  2.6528963e+002  2.5856653e+002  2.5539909e+002  2.4848613e+002  2.4534980e+002  2.3853618e+002  2.3544981e+002  2.2857618e+002  2.2544980e+002  2.1849618e+002  2.1544980e+002  2.0852618e+002  2.0537985e+002  1.9847689e+002  1.9539945e+002  1.8866634e+002  1.8714218e+002
  2.6890425e+002  2.6734980e+002  2.6061670e+002  2.5749926e+002  2.5066630e+002  2.4747997e+002  2.4062635e+002  2.3752997e+002  2.3063635e+002  2.2752997e+002  2.2063635e+002  2.1747997e+002  2.1060635e+002  2.0752002e+002  2.0068706e+002  1.9757962e+002  1.9075651e+002  1.8925235e+002
  2.7072566e+002  2.6920121e+002  2.6244811e+002  2.5937067e+002  2.5246771e+002  2.4932138e+002  2.4242776e+002  2.3934138e+002  2.3243776e+002  2.2934138e+002  2.2247776e+002  2.1935138e+002  2.1239776e+002  2.0936144e+002  2.0249847e+002  1.9930103e+002  1.9261792e+002  1.9107376e+002
  2.7229710e+002  2.7075265e+002  2.6394955e+002  2.6081211e+002  2.5398914e+002  2.5087282e+002  2.4391919e+002  2.4082282e+002  2.3391919e+002  2.3081282e+002  2.2393919e+002  2.2081282e+002  2.1399920e+002  2.1083287e+002  2.0396991e+002  2.0082247e+002  1.9412936e+002  1.9248520e+002
  2.7348991e+002  2.7200546e+002  2.6521236e+002  2.6208492e+002  2.5527195e+002  2.5206563e+002  2.4526200e+002  2.4211563e+002  2.3523200e+002  2.3209563e+002  2.2522200e+002  2.2207563e+002  2.1517201e+002  2.1212568e+002  2.0517272e+002  2.0210528e+002  1.9537217e+002  1.9374801e+002
  2.7452354e+002  2.7304909e+002  2.6624599e+002  2.6316855e+002  2.5622558e+002  2.5317926e+002  2.4625563e+002  2.4314926e+002  2.3623564e+002  2.3309926e+002  2.2630564e+002  2.2314926e+002  2.1631564e+002  2.1315931e+002  2.0631635e+002  2.0316891e+002  1.9642580e+002  1.9490164e+002
  2.7545224e+002  2.7391779e+002  2.6712469e+002  2.6401725e+002  2.5718429e+002  2.5404796e+002  2.4719434e+002  2.4401797e+002  2.3714434e+002  2.3399797e+002  2.2714434e+002  2.2401797e+002  2.1714434e+002  2.1406802e+002  2.0719506e+002  2.0402761e+002  1.9725450e+002  1.9573035e+002
  2.7614496e+002  2.7460051e+002  2.6782741e+002  2.6471997e+002  2.5788700e+002  2.5478068e+002  2.4784706e+002  2.4481068e+002  2.3793706e+002  2.3480068e+002  2.2792706e+002  2.2481068e+002  2.1787706e+002  2.1475073e+002  2.0789777e+002  2.0479033e+002  1.9797722e+002  1.9649306e+002
  2.7678591e+002  2.7519146e+002  2.6847836e+002  2.6533092e+002  2.5847795e+002  2.5541163e+002  2.4850801e+002  2.4537163e+002  2.3851801e+002  2.3532163e+002  2.2851801e+002  2.2535163e+002  2.1847801e+002  2.1533169e+002  2.0849872e+002  2.0534128e+002  1.9858817e+002  1.9705401e+002
  2.7726532e+002  2.7575087e+002  2.6896777e+002  2.6586033e+002  2.5895737e+002  2.5591104e+002  2.4898742e+002  2.4584105e+002  2.3897742e+002  2.3586105e+002  2.2895742e+002  2.2584105e+002  2.1895742e+002  2.1593110e+002  2.0895814e+002  2.0584069e+002  1.9915758e+002  1.9754343e+002
  2.7775007e+002  2.7613562e+002  2.6942252e+002  2.6634508e+002  2.5946212e+002  2.5627579e+002  2.4943217e+002  2.4634580e+002  2.3946217e+002  2.3634580e+002  2.2948217e+002  2.2627580e+002  2.1945217e+002  2.1629585e+002  2.0942289e+002  2.0626544e+002  1.9954233e+002  1.9800818e+002
  2.7806423e+002  2.7648978e+002  2.6979668e+002  2.6666924e+002  2.5982627e+002  2.5660995e+002  2.4978633e+002  2.4663995e+002  2.3976633e+002  2.3666995e+002  2.2979633e+002  2.2661995e+002  2.1976633e+002  2.1666000e+002  2.0981704e+002  2.0667960e+002  1.9992649e+002  1.9835233e+002
  2.7838952e+002  2.7681507e+002  2.7003197e+002  2.6692453e+002  2.6011157e+002  2.5691524e+002  2.5003162e+002  2.4693525e+002  2.4007162e+002  2.3700525e+002  2.3005162e+002  2.2698525e+002  2.2010162e+002  2.1697530e+002  2.1008234e+002  2.0700489e+002  2.0024178e+002  1.9870763e+002
  2.7864574e+002  2.7709129e+002  2.7035819e+002  2.6725075e+002  2.6036778e+002  2.5722146e+002  2.5031784e+002  2.4719146e+002  2.4032784e+002  2.3724146e+002  2.3028784e+002  2.2721146e+002  2.2035784e+002  2.1715151e+002  2.1032855e+002  2.0722111e+002  2.0048800e+002  1.9886384e+002
  2.7885103e+002  2.7732658e+002  2.7057348e+002  2.6739604e+002  2.6051308e+002  2.5736675e+002  2.5050313e+002  2.4744676e+002  2.4050313e+002  2.3737676e+002  2.3048313e+002  2.2742676e+002  2.2055314e+002  2.1738681e+002  2.1057385e+002  2.0741641e+002  2.0069329e+002  1.9907914e+002
  2.7902221e+002  2.7742776e+002  2.7073466e+002  2.6761722e+002  2.6067425e+002  2.5754793e+002  2.5075431e+002  2.4757793e+002  2.4068430e+002  2.3762793e+002  2.3065430e+002  2.2759793e+002  2.2070431e+002  2.1760798e+002  2.1065502e+002  2.0760758e+002  2.0078447e+002  1.9924031e+002
  2.7912493e+002  2.7759048e+002  2.7083738e+002  2.6771994e+002  2.6083698e+002  2.5771065e+002  2.5086703e+002  2.4767065e+002  2.4082703e+002  2.3771066e+002  2.3082703e+002  2.2773066e+002  2.2087703e+002  2.1767071e+002  2.1081775e+002  2.0772030e+002  2.0094719e+002  1.9947304e+002
  2.7921393e+002  2.7775949e+002  2.7097638e+002  2.6778894e+002  2.6093598e+002  2.5783965e+002  2.5092603e+002  2.4780966e+002  2.4095603e+002  2.3787966e+002  2.3097603e+002  2.2781966e+002  2.2091604e+002  2.1778971e+002  2.1092675e+002  2.0781931e+002  2.0109620e+002  1.9957204e+002
  2.7937316e+002  2.7776871e+002  2.7105561e+002  2.6788817e+002  2.6101521e+002  2.5788888e+002  2.5104526e+002  2.4795888e+002  2.4106526e+002  2.3793888e+002  2.3110526e+002  2.2789888e+002  2.2101526e+002  2.1791894e+002  2.1101597e+002  2.0795853e+002  2.0123542e+002  1.9961127e+002
  2.7941589e+002  2.7792144e+002  2.7112834e+002  2.6805090e+002  2.6112794e+002  2.5802161e+002  2.5112799e+002  2.4801162e+002  2.4119799e+002  2.3803162e+002  2.3115799e+002  2.2806162e+002  2.2113800e+002  2.1800167e+002  2.1112871e+002  2.0804127e+002  2.0127816e+002  1.9974400e+002
  2.7955488e+002  2.7792043e+002  2.7115733e+002  2.6807989e+002  2.6118692e+002  2.5804060e+002  2.5119697e+002  2.4806060e+002  2.4125697e+002  2.3804060e+002  2.3122697e+002  2.2807060e+002  2.2117698e+002  2.1812065e+002  2.1125769e+002  2.0813025e+002  2.0129714e+002  1.9976298e+002
  2.7955239e+002  2.7805795e+002  2.7131484e+002  2.6812740e+002  2.6124444e+002  2.5810812e+002  2.5128449e+002  2.4811812e+002  2.4125449e+002  2.3817812e+002  2.3124449e+002  2.2815812e+002  2.2130450e+002  2.1811817e+002  2.1123521e+002  2.0812777e+002  2.0143466e+002  1.9984050e+002
  2.7964035e+002  2.7806590e+002  2.7126280e+002  2.6823536e+002  2.6130240e+002  2.5822607e+002  2.5135245e+002  2.4816608e+002  2.4137245e+002  2.3818608e+002  2.3129245e+002  2.2819608e+002  2.2127246e+002  2.1818613e+002  2.1137317e+002  2.0818573e+002  2.0148262e+002  1.9994846e+002
  2.7964034e+002  2.7815589e+002  2.7135279e+002  2.6825535e+002  2.6136239e+002  2.5821606e+002  2.5136244e+002  2.4823607e+002  2.4138244e+002  2.3819607e+002  2.3138244e+002  2.2825607e+002  2.2132244e+002  2.1825612e+002  2.1132316e+002  2.0819571e+002  2.0149260e+002  1.9994845e+002
  2.7968368e+002  2.7816923e+002  2.7137613e+002  2.6824869e+002  2.6135573e+002  2.5824940e+002  2.5142578e+002  2.4821941e+002  2.4143578e+002  2.3827941e+002  2.3137578e+002  2.2823941e+002  2.2138579e+002  2.1830946e+002  2.1139650e+002  2.0825906e+002  2.0147595e+002  1.9993179e+002
  2.7973148e+002  2.7818703e+002  2.7141393e+002  2.6831649e+002  2.6139353e+002  2.5833720e+002  2.5141358e+002  2.4828721e+002  2.4142358e+002  2.3824721e+002  2.3142358e+002  2.2827721e+002  2.2139359e+002  2.1830726e+002  2.1141430e+002  2.0828686e+002  2.0160375e+002  2.0000959e+002
  2.7978466e+002  2.7814021e+002  2.7148711e+002  2.6828967e+002  2.6144671e+002  2.5837038e+002  2.5147676e+002  2.4830039e+002  2.4139676e+002  2.3837039e+002  2.3140676e+002  2.2834039e+002  2.2149677e+002  2.1837044e+002  2.1146748e+002  2.0835004e+002  2.0154692e+002  1.9999277e+002
  2.7973399e+002  2.7817954e+002  2.7149644e+002  2.6829900e+002  2.6145604e+002  2.5838971e+002  2.5144609e+002  2.4831971e+002  2.4151609e+002  2.3835972e+002  2.3145609e+002  2.2838972e+002  2.2145609e+002  2.1838977e+002  2.1150680e+002  2.0835936e+002  2.0163625e+002  1.9999210e+002
  2.7983011e+002  2.7819566e+002  2.7142255e+002  2.6834511e+002  2.6151215e+002  2.5836583e+002  2.5153220e+002  2.4832583e+002  2.4150220e+002  2.3832583e+002  2.3153220e+002  2.2833583e+002  2.2148221e+002  2.1836588e+002  2.1146292e+002  2.0839548e+002  2.0160237e+002  2.0002821e+002
  2.7982354e+002  2.7818909e+002  2.7151599e+002  2.6836855e+002  2.6147559e+002  2.5833926e+002  2.5152564e+002  2.4839927e+002  2.4144564e+002  2.3839927e+002  2.3148564e+002  2.2840927e+002  2.2146564e+002  2.1841932e+002  2.1147636e+002  2.0841892e+002  2.0157580e+002  2.0007165e+002
  2.7975475e+002  2.7828030e+002  2.7149719e+002  2.6842975e+002  2.6153679e+002  2.5836047e+002  2.5145684e+002  2.4834047e+002  2.4155684e+002  2.3840047e+002  2.3145684e+002  2.2842047e+002  2.2151685e+002  2.1842052e+002  2.1145756e+002  2.0843012e+002  2.0159701e+002  2.0010285e+002
  2.7985409e+002  2.7829964e+002  2.7149654e+002  2.6841910e+002  2.6156613e+002  2.5840981e+002  2.5154619e+002  2.4841981e+002  2.4149619e+002  2.3836981e+002  2.3149619e+002  2.2842981e+002  2.2151619e+002  2.1836986e+002  2.1148690e+002  2.0834946e+002  2.0163635e+002  2.0009219e+002
  2.7984188e+002  2.7824743e+002  2.7155433e+002  2.6835688e+002  2.6155392e+002  2.5840760e+002  2.5157397e+002  2.4837760e+002  2.4157397e+002  2.3839760e+002  2.3153397e+002  2.2842760e+002  2.2157398e+002  2.1844765e+002  2.1155469e+002  2.0840725e+002  2.0165414e+002  2.0006998e+002
  2.7983837e+002  2.7823392e+002  2.7156082e+002  2.6835338e+002  2.6151042e+002  2.5837409e+002  2.5151047e+002  2.4838409e+002  2.4149047e+002  2.3835410e+002  2.3156047e+002  2.2837410e+002  2.2155047e+002  2.1844415e+002  2.1158118e+002  2.0836374e+002  2.0165063e+002  2.0007648e+002
  2.7981379e+002  2.7829934e+002  2.7157623e+002  2.6836879e+002  2.6155583e+002  2.5845951e+002  2.5148588e+002  2.4842951e+002  2.4148588e+002  2.3842951e+002  2.3151588e+002  2.2845951e+002  2.2157589e+002  2.1839956e+002  2.1155660e+002  2.0844916e+002  2.0161605e+002  2.0015189e+002
  2.7981830e+002  2.7832385e+002  2.7150075e+002  2.6846331e+002  2.6149035e+002  2.5839402e+002  2.5158040e+002  2.4836402e+002  2.4158040e+002  2.3846403e+002  2.3154040e+002  2.2845403e+002  2.2149040e+002  2.1844408e+002  2.1154111e+002  2.0840367e+002  2.0169056e+002  2.0009641e+002
  2.7979206e+002  2.7830762e+002  2.7157451e+002  2.6843707e+002  2.6155411e+002  2.5837778e+002  2.5150416e+002  2.4844779e+002  2.4158416e+002  2.3841779e+002  2.3155416e+002  2.2845779e+002  2.2153417e+002  2.1839784e+002  2.1156488e+002  2.0839744e+002  2.0165433e+002  2.0009017e+002
  2.7984520e+002  2.7825075e+002  2.7151765e+002  2.6838021e+002  2.6150725e+002  2.5840092e+002  2.5155730e+002  2.4844093e+002  2.4152730e+002  2.3841093e+002  2.3157730e+002  2.2845093e+002  2.2149731e+002  2.1838098e+002  2.1149802e+002  2.0840058e+002  2.0169747e+002  2.0016331e+002
  2.7986782e+002  2.7828337e+002  2.7153027e+002  2.6847283e+002  2.6149987e+002  2.5838354e+002  2.5159992e+002  2.4847355e+002  2.4150992e+002  2.3847355e+002  2.3156992e+002  2.2842355e+002  2.2155992e+002  2.1845360e+002  2.1159063e+002  2.0839319e+002  2.0164008e+002  2.0008593e+002
  2.7986000e+002  2.7831555e+002  2.7157245e+002  2.6838501e+002  2.6150205e+002  2.5845572e+002  2.5155210e+002  2.4837573e+002  2.4156210e+002  2.3837573e+002  2.3151210e+002  2.2846573e+002  2.2158211e+002  2.1843578e+002  2.1157282e+002  2.0840538e+002  2.0169226e+002  2.0014811e+002
  2.7984182e+002  2.7829737e+002  2.7153427e+002  2.6842683e+002  2.6150387e+002  2.5845754e+002  2.5150392e+002  2.4844755e+002  2.4154392e+002  2.3847755e+002  2.3159392e+002  2.2847755e+002  2.2157393e+002  2.1843760e+002  2.1151464e+002  2.0847720e+002  2.0167409e+002  2.0010993e+002
  2.7990334e+002  2.7834889e+002  2.7153579e+002  2.6840835e+002  2.6160539e+002  2.5843906e+002  2.5154544e+002  2.4844906e+002  2.4160544e+002  2.3844906e+002  2.3154544e+002  2.2837907e+002  2.2150544e+002  2.1839912e+002  2.1155615e+002  2.0846871e+002  2.0170560e+002  2.0011145e+002
  2.7983461e+002  2.7827016e+002  2.7150705e+002  2.6842961e+002  2.6155665e+002  2.5838032e+002  2.5157670e+002  2.4847033e+002  2.4159670e+002  2.3847033e+002  2.3155670e+002  2.2846033e+002  2.2157671e+002  2.1841038e+002  2.1155742e+002  2.0846998e+002  2.0164687e+002  2.0017271e+002
  2.7990566e+002  2.7834121e+002  2.7156811e+002  2.6838067e+002  2.6158770e+002  2.5840138e+002  2.5152776e+002  2.4844138e+002  2.4156776e+002  2.3847138e+002  2.3160776e+002  2.2843138e+002  2.2153776e+002  2.1846144e+002  2.1156847e+002  2.0841103e+002  2.0172792e+002  2.0014377e+002
  2.7980654e+002  2.7829209e+002  2.7157899e+002  2.6841155e+002  2.6156858e+002  2.5846226e+002  2.5159864e+002  2.4847226e+002  2.4159864e+002  2.3839226e+002  2.3160864e+002  2.2844226e+002  2.2153864e+002  2.1844232e+002  2.1160935e+002  2.0840191e+002  2.0164880e+002  2.0015465e+002
  2.7984727e+002  2.7826282e+002  2.7152972e+002  2.6840228e+002  2.6158932e+002  2.5841299e+002  2.5155937e+002  2.4838300e+002  2.4152937e+002  2.3845300e+002  2.3158937e+002  2.2848300e+002  2.2157938e+002  2.1841305e+002  2.1157009e+002  2.0839264e+002  2.0164953e+002  2.0017538e+002
  2.7987788e+002  2.7825343e+002  2.7153033e+002  2.6840289e+002  2.6153993e+002  2.5847360e+002  2.5152998e+002  2.4846361e+002  2.4152998e+002  2.3844361e+002  2.3154998e+002  2.2847361e+002  2.2151999e+002  2.1841366e+002  2.1157070e+002  2.0842326e+002  2.0172015e+002  2.0014599e+002
  2.7987839e+002  2.7833394e+002  2.7158084e+002  2.6848340e+002  2.6160044e+002  2.5839411e+002  2.5153049e+002  2.4845412e+002  2.4151049e+002  2.3843412e+002  2.3159049e+002  2.2848412e+002  2.2153050e+002  2.1840417e+002  2.1161121e+002  2.0846377e+002  2.0173066e+002  2.0011650e+002
  2.7985882e+002  2.7829437e+002  2.7160127e+002  2.6838383e+002  2.6156086e+002  2.5845454e+002  2.5160092e+002  2.4847454e+002  2.4151092e+002  2.3841454e+002  2.3155092e+002  2.2841454e+002  2.2155092e+002  2.1843460e+002  2.1151163e+002  2.0845419e+002  2.0166108e+002  2.0010692e+002
  2.7986900e+002  2.7829456e+002  2.7157145e+002  2.6847401e+002  2.6152105e+002  2.5840472e+002  2.5159110e+002  2.4841473e+002  2.4157110e+002  2.3839473e+002  2.3155110e+002  2.2841473e+002  2.2157111e+002  2.1844478e+002  2.1158182e+002  2.0845438e+002  2.0170127e+002  2.0014711e+002
